110.37	0.18
114.79	0.17333
119.2	0.14667
123.61	0.18
128.03	0.17667
132.44	0.20333
136.86	0.18667
141.27	0.18333
145.69	0.16667
150.1	0.14667
154.52	0.15667
158.93	0.13
163.35	0.12333
167.76	0.11667
172.18	0.12667
176.59	0.15
181.01	0.13
185.42	0.14333
189.84	0.096667
194.25	0.083333
198.67	0.07
203.08	0.08
207.5	0.073333
211.91	0.056667
216.33	0.063333
220.74	0.086667
225.16	0.10667
229.57	0.11667
233.99	0.13
238.4	0.14
242.81	0.15667
247.23	0.15333
251.64	0.15
256.06	0.14
260.47	0.15667
264.89	0.15667
269.3	0.15667
273.72	0.14
278.13	0.14
282.55	0.14
286.96	0.14333
291.38	0.12667
295.79	0.11
300.58	0.06
305.75	0.09
310.92	0.09
316.08	0.15
321.25	0.12667
326.41	0.16333
331.58	0.12667
336.75	0.14667
341.91	0.12
347.08	0.15
352.24	0.15
357.41	0.14667
362.58	0.13
367.74	0.11667
372.91	0.11333
378.07	0.11
383.24	0.086667
388.41	0.10667
393.57	0.12333
398.74	0.15667
403.91	0.15667
409.07	0.14
414.24	0.13333
419.4	0.14667
424.57	0.17667
429.74	0.20333
434.9	0.2
440.07	0.19
445.23	0.15333
450.4	0.15667
455.57	0.14333
460.73	0.15667
465.9	0.15
471.06	0.16333
476.23	0.17
481.4	0.17333
486.56	0.17667
491.73	0.16667
496.89	0.15667
502.06	0.15
507.23	0.17
512.39	0.19
517.56	0.19667
522.73	0.195
527.89	0.19
533.06	0.185
538.22	0.17333
543.39	0.16
548.56	0.16333
553.72	0.18667
558.89	0.18333
564.05	0.19667
569.22	0.19
574.39	0.21333
579.55	0.20333
584.72	0.20333
589.88	0.19333
595.05	0.20333
600.22	0.21
605.38	0.22
610.55	0.20667
615.72	0.20333
620.88	0.20667
626.05	0.22333
631.21	0.21667
636.38	0.22333
641.55	0.21
646.71	0.23333
651.88	0.21
657.04	0.22333
662.21	0.21
667.38	0.21333
672.54	0.20667
677.71	0.18333
682.87	0.15667
688.04	0.13667
693.21	0.14
698.37	0.18667
703.54	0.19667
708.71	0.19333
713.87	0.18
719.04	0.19
724.2	0.21333
729.37	0.21
734.54	0.21
739.7	0.2
744.87	0.19
750.03	0.18667
755.2	0.18
760.37	0.18667
765.53	0.18333
770.7	0.19667
775.86	0.20333
781.03	0.19667
786.2	0.18333
791.36	0.17
796.53	0.17667
801.69	0.18
806.86	0.18667
812.03	0.17333
817.19	0.17
822.36	0.15667
827.53	0.16
832.69	0.17
837.86	0.18667
843.02	0.18667
848.19	0.16667
853.36	0.16
858.52	0.15667
863.69	0.17
868.85	0.18
874.02	0.18333
879.19	0.18
884.35	0.17667
889.52	0.19333
894.68	0.2
899.85	0.20667
905.02	0.20333
910.18	0.21667
915.35	0.22
920.52	0.22333
925.68	0.23333
930.85	0.22333
936.01	0.21667
941.18	0.2
946.35	0.19333
951.51	0.19333
956.68	0.19
961.84	0.21
967.01	0.21667
972.18	0.21
977.34	0.21
982.51	0.21333
987.67	0.23333
992.84	0.22333
998.01	0.23333
1003.2	0.23667
1008.3	0.24
1013.5	0.22333
1018.7	0.21667
1023.8	0.21333
1029	0.20667
1034.2	0.21667
1039.3	0.22667
1044.5	0.23333
1049.7	0.21333
1054.8	0.18667
1060	0.18333
1066.1	0.17
1072.2	0.17333
1078.3	0.18333
1084.4	0.19
1090.5	0.19667
1096.5	0.18
1102.6	0.17
1108.7	0.16
1114.8	0.16333
1120.9	0.16
1127	0.17333
1133.1	0.17333
1139.2	0.18333
1145.3	0.17
1151.4	0.17667
1157.4	0.17667
1163.5	0.17333
1169.6	0.16
1175.7	0.16
1181.8	0.16667
1187.9	0.17
1194	0.15667
1200.1	0.14333
1206.2	0.14333
1212.3	0.16
1218.4	0.17333
1224.4	0.16667
1230.5	0.16333
1236.6	0.18667
1242.7	0.19667
1248.8	0.20333
1254.9	0.17333
1261	0.17667
1267.1	0.17333
1273.2	0.18333
1279.3	0.18
1285.3	0.17333
1291.4	0.17667
1297.5	0.18
1303.6	0.19667
1309.7	0.21
1315.8	0.21333
1321.9	0.20333
1328	0.18667
1334.1	0.19667
1340.2	0.18333
1346.3	0.18
1352.3	0.17
1358.4	0.19
1364.5	0.19667
1370.6	0.20667
1376.7	0.2
1382.8	0.20667
1388.9	0.19667
1395	0.20667
1401.1	0.19667
1407.2	0.20333
1413.2	0.19333
1419.3	0.18
1425.4	0.17
1431.5	0.17667
1437.6	0.18333
1443.7	0.19667
1449.8	0.18
1455.9	0.19
1462	0.20667
1468.1	0.21333
1474.2	0.21
1480.2	0.19333
1486.3	0.2
1492.4	0.21667
1498.5	0.18333
1504.6	0.19333
1510.7	0.18333
1516.8	0.20333
1522.9	0.2
1529	0.21
1535.1	0.22333
1541.1	0.22667
1547.2	0.21333
1553.3	0.21333
1559.4	0.21
1565.5	0.21333
1571.6	0.21333
1577.7	0.22
1583.8	0.22333
1589.9	0.21
1596	0.19667
1602.1	0.19333
1608.1	0.19333
1614.2	0.21
1620.3	0.21667
1626.4	0.21
1632.5	0.17333
1638.6	0.16333
1644.7	0.16667
1650.8	0.17667
1656.9	0.17333
1663	0.18
1669	0.19333
1675.1	0.20333
1681.2	0.19667
1687.3	0.20333
1693.4	0.21333
1699.5	0.22333
1705.6	0.22
1711.7	0.19333
1717.8	0.18
1723.9	0.17
1730	0.17
1736	0.17333
1742.1	0.19333
1748.2	0.22
1754.3	0.22333
1760.4	0.21667
1766.5	0.20333
1772.6	0.21
1778.7	0.21333
1784.8	0.22
1790.9	0.22
1796.9	0.20667
1803	0.21
1809.1	0.21333
1815.2	0.23
1821.3	0.23
1827.4	0.22
1833.5	0.22
1839.6	0.20667
1845.7	0.20667
1851.8	0.2
1857.9	0.2
1863.9	0.20667
1870	0.21
1876.1	0.22
1882.2	0.22333
1888.3	0.21333
1894.4	0.21333
1900.5	0.22333
1906.6	0.22
1912.7	0.22333
1918.8	0.20667
1924.8	0.21333
1930.9	0.19667
1937	0.2
1943.1	0.21
1949.2	0.21667
1955.3	0.21667
1961.4	0.19667
1967.5	0.20333
1973.6	0.2
1979.7	0.22333
1985.8	0.23667
1991.8	0.24667
1997.9	0.24
2004	0.23333
2010.1	0.22333
2016.2	0.21667
2022.3	0.21333
2028.4	0.22
2034.5	0.21667
2040.6	0.18
2046.7	0.15
2052.7	0.16333
2058.8	0.19667
2064.9	0.22667
2071	0.22
2077.1	0.21
2083.2	0.2
2089.3	0.19667
2095.4	0.21333
2101.5	0.22333
2107.6	0.21667
2113.7	0.18667
2119.7	0.17
2125.8	0.18
2131.9	0.20667
2138	0.22667
2144.1	0.23333
2150.2	0.23
2156.3	0.22667
2162.4	0.22
2168.5	0.21333
2174.6	0.21
2180.6	0.21
2186.7	0.21333
2192.8	0.23
2198.9	0.22667
2205	0.23333
2211.1	0.22667
2217.2	0.23333
2223.3	0.22667
2229.4	0.21667
2235.5	0.22333
2241.6	0.22333
2247.6	0.21
2253.7	0.19333
2259.8	0.19333
2265.9	0.19667
2272	0.19667
2278.1	0.19667
2284.2	0.2
2290.3	0.21
2296.4	0.21
2302.5	0.21667
2308.5	0.22
2314.6	0.22
2320.7	0.22667
2326.8	0.22
2332.9	0.22333
2339	0.21667
2344.4	0.18667
2349.7	0.18333
2355.1	0.19
2360.4	0.21
2365.8	0.21333
2371.2	0.2
2376.5	0.20667
2381.9	0.19667
2387.3	0.19
2392.6	0.19
2398	0.21
2403.3	0.23
2408.7	0.25
2414.1	0.23333
2419.4	0.22
2424.8	0.21
2430.2	0.21
2435.5	0.21
2440.9	0.15667
2446.2	0.13667
2451.6	0.11333
2457	0.14
2462.3	0.15333
2467.7	0.17333
2473	0.17333
2478.4	0.17333
2483.8	0.17333
2489.1	0.19667
2494.5	0.20333
2499.9	0.21667
2505.2	0.21667
2510.6	0.22333
2515.9	0.21333
2521.3	0.205
2526.7	0.19
2537.4	0.18
2548.1	0.17667
2553.5	0.15
2558.8	0.14667
2564.2	0.14667
2569.6	0.19
2574.9	0.20667
2580.3	0.23667
2585.6	0.22
2591	0.22
2596.4	0.21
2601.7	0.21
2607.1	0.19
2612.5	0.17
2628.5	0.19
2633.9	0.22333
2639.3	0.25
2644.6	0.25667
2650	0.23667
2655.4	0.23333
2660.7	0.23667
2666.1	0.25
2671.4	0.25333
2676.8	0.23
2682.2	0.23333
2687.5	0.24333
2692.9	0.26
2698.2	0.23667
2703.6	0.22
2709	0.21333
2714.3	0.24
2719.7	0.24
2725.1	0.23667
2730.4	0.21667
2735.8	0.23333
2741.1	0.23667
2746.5	0.24
2751.9	0.24
2757.2	0.26
2762.6	0.28333
2768	0.28333
2773.3	0.27333
2778.7	0.26667
2784	0.28333
2789.4	0.29
2794.8	0.28667
2800.1	0.25667
2805.5	0.24
2810.8	0.22333
2816.2	0.22
2821.6	0.21
2826.9	0.17667
2832.3	0.17333
2837.7	0.15667
2843	0.15
2848.4	0.11
2853.7	0.086667
2859.1	0.086667
2864.5	0.09
2869.8	0.10667
2875.2	0.14
2880.6	0.17
2885.9	0.195
2891.3	0.235
2896.6	0.28
2902	0.27333
2907.4	0.26
2912.7	0.24667
2918.1	0.26333
2923.4	0.27667
2928.8	0.29
2934.2	0.27667
2939.5	0.27
2944.9	0.26333
2950.3	0.26667
2955.6	0.27
2961	0.25333
2966.3	0.20667
2971.7	0.16333
2977.1	0.13
2982.4	0.13
2987.8	0.12667
2993.2	0.13
2998.5	0.13333
3003.9	0.12333
3009.2	0.11667
3014.6	0.086667
3020	0.08
3025.3	0.096667
3030.7	0.13333
3036	0.16667
3041.4	0.17667
3046.8	0.15333
3052.1	0.15333
3057.5	0.15333
3062.9	0.17
3068.2	0.17
3073.6	0.16667
3078.9	0.17
3084.3	0.17333
3089.7	0.16333
3095	0.15667
3100.4	0.12667
3105.8	0.12
3111.1	0.13667
3116.5	0.17333
3121.8	0.20667
3127.2	0.21667
3132.6	0.19333
3137.9	0.16667
3143.3	0.17
3148.6	0.20333
3154	0.20667
3159.4	0.19667
3164.7	0.18333
3170.1	0.22333
3175.5	0.22333
3180.8	0.24667
3186.2	0.21667
3191.5	0.21
3196.9	0.18333
3202.3	0.20333
3207.6	0.22
3213	0.22
3218.4	0.21
3223.7	0.185
3229.1	0.22
3234.4	0.22667
3239.8	0.24
3245.2	0.24333
3250.5	0.23
3255.9	0.21333
3261.2	0.17
3266.6	0.17333
3272	0.18333
3277.3	0.22
3282.7	0.23333
3288.1	0.23333
3293.4	0.21
3298.8	0.18
3304.1	0.17
3309.5	0.16333
3314.9	0.15
3320.2	0.16667
3325.6	0.19
3331	0.23
3336.3	0.23
3341.7	0.23
3347	0.22333
3352.4	0.22
3357.8	0.23
3363.1	0.22667
3368.5	0.21
3373.8	0.17667
3379.2	0.16
3384.6	0.15333
3389.9	0.17
3395.3	0.15333
3400.7	0.13667
3406	0.11333
3411.4	0.13
3416.7	0.14
3422.1	0.14333
3427.5	0.12667
3432.8	0.15
3438.2	0.16333
3443.6	0.19667
3448.9	0.22
3454.3	0.22333
3459.6	0.23667
3465	0.22
3470.4	0.23333
3475.9	0.23333
3481.3	0.25667
3486.8	0.26333
3492.2	0.27
3497.7	0.27
3503.1	0.28667
3508.6	0.29667
3514	0.28333
3519.5	0.27667
3524.9	0.26667
3530.3	0.26333
3535.8	0.25
3541.2	0.26333
3546.7	0.27333
3552.1	0.28333
3557.6	0.26667
3563	0.27
3568.5	0.26333
3573.9	0.26
3579.4	0.22667
3584.8	0.20667
3590.2	0.18333
3595.7	0.19333
3601.1	0.19333
3606.6	0.21
3612	0.23333
3617.5	0.24333
3622.9	0.25667
3628.4	0.23
3633.8	0.24667
3639.3	0.23667
3644.7	0.25333
3650.2	0.24
3655.6	0.23
3661	0.23
3666.5	0.21667
3671.9	0.20333
3677.4	0.18
3682.8	0.18333
3688.3	0.19
3693.7	0.2
3699.2	0.2
3704.6	0.22
3710.1	0.24333
3715.5	0.26333
3720.9	0.25333
3726.4	0.24
3731.8	0.22
3737.3	0.23
3742.7	0.23
3748.2	0.23667
3753.6	0.21333
3759.1	0.18333
3764.5	0.18333
3770	0.20667
3775.4	0.22
3780.8	0.2
3786.3	0.16333
3791.7	0.155
3797.2	0.13
3802.6	0.125
3808.1	0.14
3813.5	0.15
3819	0.16333
3824.4	0.17
3829.9	0.20667
3835.3	0.21667
3840.7	0.23667
3846.2	0.22667
3851.6	0.24
3857.1	0.26333
3862.5	0.27333
3868	0.28667
3873.4	0.27
3878.9	0.26
3884.3	0.26333
3889.8	0.26667
3895.2	0.28333
3900.6	0.25
3906.1	0.23667
3911.5	0.22667
3917	0.24
3922.4	0.23333
3927.9	0.25
3933.3	0.26
3938.8	0.27333
3944.2	0.25667
3949.7	0.26333
3955.1	0.26
3960.6	0.27
3966	0.27667
3971.4	0.26667
3976.9	0.25333
3982.3	0.25
3987.8	0.25667
3993.2	0.27333
3998.7	0.25333
4004.1	0.25
4009.6	0.23333
4015	0.26333
4118.5	0.27
4123.9	0.28
4129.4	0.26
4134.8	0.27
4140.3	0.26
4145.7	0.255
4151.1	0.25333
4156.6	0.25333
4162	0.26333
4167.5	0.27333
4172.9	0.27
4178.4	0.26667
4183.8	0.27667
4189.3	0.29333
4194.7	0.29667
4200.2	0.29
4205.6	0.29
4211	0.28667
4216.5	0.26667
4221.9	0.25667
4227.4	0.25667
4232.8	0.28
4238.3	0.29333
4243.7	0.29667
4249.2	0.28333
4254.6	0.28
4260.1	0.27
4265.5	0.29
4271	0.28333
4276.4	0.28667
4281.8	0.27
4287.3	0.27333
4292.7	0.29
4298.2	0.29333
4303.6	0.29
4309.1	0.29
4314.5	0.29667
4320	0.30333
4325.4	0.3
4330.9	0.29333
4336.3	0.29667
4341.7	0.32
4347.2	0.32
4352.6	0.30667
4358.1	0.28667
4363.5	0.29667
4369	0.30667
4374.4	0.30667
4379.9	0.29667
4385.3	0.30667
4390.8	0.29
4396.2	0.29
4401.6	0.28333
4407.1	0.31333
4412.5	0.30333
4418	0.30667
4423.4	0.28333
4428.9	0.29333
4434.3	0.27667
4439.8	0.27
4445.2	0.27333
4450.7	0.29
4456.1	0.32333
4461.5	0.32667
4467	0.32667
4472.4	0.30667
4477.9	0.31667
4483.3	0.31333
4488.8	0.31
4494.2	0.32
4499.7	0.31333
4505.1	0.31
4510.6	0.27667
4516	0.27
4521.4	0.28
4526.9	0.28667
4532.3	0.29333
4537.8	0.27667
4543.2	0.27667
4548.7	0.28
4554.1	0.3
4559.6	0.31
4565	0.3
4570.5	0.29333
4575.9	0.29333
4581.4	0.29667
4586.8	0.29
4592.2	0.30667
4597.7	0.30667
4603.1	0.30667
4608.6	0.28667
4614	0.3
4619.5	0.30667
4624.9	0.3
4630.4	0.29
4635.8	0.27667
4641.3	0.27667
4646.7	0.28333
4652.1	0.29
4657.6	0.28
4663	0.26667
4668.5	0.27
4673.9	0.27667
4679.4	0.29
4684.8	0.29
4690.3	0.31333
4695.7	0.30667
4701.2	0.29667
4706.6	0.27667
4712	0.26667
4717.5	0.26333
4722.9	0.27667
4728.4	0.29667
4733.8	0.30333
4739.3	0.30333
4744.7	0.31
4750.2	0.33
4755.6	0.32667
4761.1	0.3
4766.5	0.29333
4771.9	0.28333
4777.4	0.29667
4782.8	0.29667
4788.3	0.31333
4793.7	0.32667
4799.2	0.33333
4804.6	0.34
4810.1	0.33667
4815.5	0.33667
4821	0.33667
4826.4	0.31
4831.8	0.29
4837.3	0.27333
4842.7	0.28667
4848.2	0.30333
4853.6	0.29667
4859.1	0.30333
4864.5	0.29
4870	0.29
4875.4	0.27333
4880.9	0.28333
4886.3	0.27
4891.8	0.27667
4897.2	0.26333
4902.6	0.29
4908.1	0.29667
4913.5	0.31
4919	0.31
4924.4	0.31333
4929.9	0.29
4935.3	0.28
4940.8	0.27667
4946.2	0.29333
4951.7	0.29
4957.1	0.29
4962.5	0.29
4968	0.27667
4973.4	0.26667
4978.9	0.26
4984.3	0.28333
4989.8	0.28667
4995.2	0.28
5000.7	0.25667
5006.1	0.25
5011.6	0.26333
5017	0.27667
5022.4	0.28
5027.8	0.28333
5033.3	0.28667
5038.7	0.27667
5044.1	0.28667
5049.5	0.28667
5054.9	0.30667
5060.4	0.29333
5065.8	0.28
5071.2	0.28
5076.6	0.27
5082	0.29
5087.5	0.29
5092.9	0.27667
5098.3	0.26333
5103.7	0.26
5109.1	0.28667
5114.5	0.29333
5120	0.29
5125.4	0.26
5130.8	0.26
5136.2	0.27333
5141.6	0.31
5147.1	0.30333
5152.5	0.29333
5157.9	0.28667
5163.3	0.29
5168.7	0.29667
5174.2	0.28667
5179.6	0.28
5185	0.27333
5190.4	0.28333
5195.8	0.29333
5201.3	0.29667
5206.7	0.28333
5212.1	0.27333
5217.5	0.26667
5222.9	0.28667
5228.4	0.30333
5233.8	0.29667
5239.2	0.28667
5244.6	0.27333
5250	0.28
5255.5	0.29
5260.9	0.29333
5266.3	0.31
5271.7	0.30667
5277.1	0.31667
5282.5	0.30333
5288	0.3
5293.4	0.30667
5298.8	0.31333
5304.2	0.31333
5309.6	0.29333
5315.1	0.28667
5320.5	0.3
5325.9	0.31
5331.3	0.30667
5336.7	0.30667
5342.2	0.31
5347.6	0.31667
5353	0.30333
5358.4	0.29667
5363.8	0.3
5369.3	0.29
5374.7	0.27333
5380.1	0.27
5385.5	0.30333
5390.9	0.33
5396.4	0.32667
5401.8	0.3
5407.2	0.29333
5412.6	0.30667
5418	0.30333
5423.5	0.29667
5428.9	0.29
5434.3	0.28667
5439.7	0.29667
5445.1	0.28
5450.5	0.28333
5456	0.29333
5461.4	0.30667
5466.8	0.32333
5472.2	0.32
5477.6	0.33333
5483.1	0.34333
5488.5	0.33667
5493.9	0.33667
5499.3	0.32333
5504.7	0.34333
5510.2	0.34667
5515.6	0.35
5521	0.34
5526.4	0.33
5531.8	0.33667
5537.3	0.32667
5542.7	0.31
5548.1	0.29667
5553.5	0.3
5558.9	0.30333
5564.4	0.30667
5569.8	0.30333
5575.2	0.32667
5580.6	0.30667
5586	0.3
5591.5	0.28667
5596.9	0.29667
5602.3	0.28667
5607.7	0.29
5613.1	0.28667
5618.5	0.3
5624	0.28667
5629.4	0.29
5634.8	0.29333
5640.2	0.3
5645.6	0.31
5651.1	0.31
5656.5	0.31667
5661.9	0.32333
5667.3	0.31667
5672.7	0.30333
5678.2	0.29333
5683.6	0.29333
5689	0.29
5694.4	0.27667
5699.8	0.28333
5705.3	0.27667
5710.7	0.29
5716.1	0.28333
5721.5	0.3
5726.9	0.28667
5732.4	0.29333
5737.8	0.29
5743.2	0.29
5748.6	0.28667
5754	0.3
5759.5	0.31
5764.9	0.32
5770.3	0.30667
5775.7	0.31
5781.1	0.29333
5786.5	0.30333
5792	0.29
5797.4	0.29333
5802.8	0.29667
5808.2	0.32333
5813.6	0.34333
5819.1	0.35
5824.5	0.33333
5829.9	0.33333
5835.3	0.32667
5840.7	0.34667
5846.2	0.33333
5851.6	0.32667
5857	0.33
5862.4	0.32333
5867.8	0.33
5873.3	0.31333
5878.7	0.33333
5884.1	0.31
5889.5	0.29667
5894.9	0.28
5900.4	0.28667
5905.8	0.29333
5911.2	0.29333
5916.6	0.30333
5922	0.30333
5927.5	0.31
5932.9	0.30667
5938.3	0.29667
5943.7	0.3
5949.1	0.32
5954.5	0.34
5960	0.34333
5965.4	0.32
5970.8	0.31
5976.2	0.3
5981.6	0.31667
5987.1	0.31
5992.5	0.31333
5997.9	0.30667
6003.3	0.33333
6008.7	0.32
6014.2	0.31333
6019.6	0.29333
6025	0.28333
6030.4	0.28
6035.8	0.28
6041.3	0.3
6046.7	0.30333
6052.1	0.29333
6057.5	0.29333
6062.9	0.29333
6068.4	0.31667
6073.8	0.31333
6079.2	0.31333
6084.6	0.31
6090	0.31
6095.5	0.31333
6100.9	0.30333
6106.3	0.29667
6111.7	0.28667
6117.1	0.28667
6122.5	0.29
6128	0.31
6133.4	0.3
6138.8	0.29667
6144.2	0.27667
6149.6	0.28333
6155.1	0.29333
6160.5	0.29667
6165.9	0.31
6171.3	0.31
6176.7	0.31667
6182.2	0.31
6187.6	0.33
6193	0.33
6198.4	0.34
6203.8	0.32333
6209.3	0.31333
6214.7	0.29667
6220.1	0.29667
6225.5	0.31333
6230.9	0.30333
6236.4	0.3
6241.8	0.29
6247.2	0.30333
6252.6	0.30667
6258	0.3
6263.5	0.29667
6268.9	0.28667
6274.3	0.28333
6279.7	0.29
6285.1	0.29
6290.5	0.29
6296	0.27667
6301.4	0.28
6306.8	0.28333
6312.2	0.3
6317.6	0.29667
6323.1	0.29667
6328.5	0.27667
6333.9	0.29333
6339.3	0.29
6344.7	0.3
6350.2	0.28333
6355.6	0.29667
6361	0.3
6366.4	0.30333
6371.8	0.30333
6377.3	0.31333
6382.7	0.29667
6388.1	0.3
6393.5	0.28667
6398.9	0.29667
6404.4	0.29
6409.8	0.28667
6415.2	0.31667
6420.6	0.32
6426	0.33333
6431.5	0.31333
6436.9	0.31333
6442.3	0.31333
6447.7	0.30667
6453.1	0.3
6458.5	0.29667
6464	0.3
6469.4	0.29667
6474.8	0.3
6480.2	0.29
6485.6	0.30667
6491.1	0.31667
6496.5	0.34333
6501.9	0.34667
6507.3	0.34333
6512.7	0.34333
6518.2	0.33667
6523.6	0.35333
6529	0.35
6534.4	0.36
6539.8	0.35
6545.3	0.34
6550.7	0.33667
6556.1	0.32333
6561.5	0.32667
6566.9	0.31667
6572.4	0.31667
6577.8	0.32
6583.2	0.32
6588.6	0.32333
6594	0.33667
6599.5	0.33
6604.9	0.33667
6610.3	0.31333
6615.7	0.32
6621.1	0.30667
6626.5	0.31667
6632	0.33
6637.4	0.34
6642.8	0.34667
6648.2	0.34
6653.6	0.34333
6659.1	0.33333
6664.5	0.33333
6669.9	0.33
6675.3	0.33333
6680.7	0.33
6686.2	0.32667
6691.6	0.33
6697	0.33
6702.7	0.32667
6708.4	0.32333
6714.2	0.32333
6719.9	0.32
6725.6	0.30667
6731.3	0.30333
6737.1	0.30333
6742.8	0.31333
6748.5	0.32667
6754.2	0.32667
6759.9	0.33667
6765.7	0.32333
6771.4	0.32333
6777.1	0.31667
6782.8	0.33
6788.6	0.33
6794.3	0.33333
6800	0.33333
6805.7	0.35
6811.4	0.34333
6817.2	0.34333
6822.9	0.32
6828.6	0.32333
6834.3	0.31
6840.1	0.32667
6845.8	0.33333
6851.5	0.34
6857.2	0.34
6863	0.32667
6868.7	0.31667
6874.4	0.31333
6880.1	0.31667
6885.8	0.32667
6891.6	0.32333
6897.3	0.33
6903	0.32667
6908.7	0.32
6914.5	0.31333
6920.2	0.3
6925.9	0.30333
6931.6	0.29667
6937.3	0.30667
6943.1	0.31
6948.8	0.32
6954.5	0.31333
6960.2	0.31
6966	0.30667
6971.7	0.31333
6977.4	0.31333
6983.1	0.33667
6988.8	0.33667
6994.6	0.36
7000.3	0.35
7006	0.35667
7011.7	0.34333
7017.5	0.34
7023.2	0.35
7028.9	0.36
7034.6	0.35333
7040.3	0.36333
7046.1	0.36333
7051.8	0.36333
7057.5	0.34333
7063.2	0.33
7069	0.32333
7074.7	0.32333
7080.4	0.32333
7086.1	0.33667
7091.8	0.34667
7097.6	0.35667
7103.3	0.35333
7109	0.35
7114.7	0.35
7120.5	0.35333
7126.2	0.35
7131.9	0.34
7137.6	0.34333
7143.4	0.34333
7149.1	0.34
7154.8	0.33
7160.5	0.35
7166.2	0.35333
7172	0.36667
7177.7	0.36667
7183.4	0.36667
7189.1	0.36
7194.9	0.34333
7200.6	0.34333
7206.3	0.34
7212	0.32333
7217.7	0.33
7223.5	0.32
7229.2	0.34667
7234.9	0.34
7240.6	0.34333
7246.4	0.31667
7252.1	0.32
7257.8	0.33
7263.5	0.33333
7269.2	0.33333
7275	0.33667
7280.7	0.34333
7286.4	0.32333
7292.1	0.31
7297.9	0.34
7303.6	0.36
7309.3	0.36333
7315	0.33333
7320.7	0.33
7326.5	0.33333
7332.2	0.33333
7337.9	0.33667
7343.6	0.33667
7349.4	0.35667
7355.1	0.37
7360.8	0.37667
7366.5	0.36667
7372.2	0.37
7378	0.38333
7383.7	0.38
7389.4	0.35333
7395.1	0.33333
7400.9	0.33333
7406.6	0.34333
7412.3	0.34667
7418	0.32667
7423.8	0.32667
7429.5	0.31667
7435.2	0.33
7440.9	0.34667
7446.6	0.34333
7452.4	0.34333
7458.1	0.32
7463.8	0.34
7469.5	0.34
7475.3	0.34333
7481	0.31667
7486.7	0.33667
7492.4	0.36
7498.1	0.37667
7503.9	0.39
7509.6	0.37667
7515.3	0.37667
7521	0.35667
7526.8	0.36333
7532.5	0.36
7538.2	0.35
7543.9	0.35333
7549.6	0.35667
7555.4	0.36
7561.1	0.36
7566.8	0.36667
7572.5	0.37
7578.3	0.37
7584	0.38
7589.7	0.37
7595.4	0.36667
7601.1	0.35
7606.9	0.35
7612.6	0.34667
7618.3	0.35667
7624	0.37
7629.8	0.36333
7635.5	0.36333
7641.2	0.35333
7646.9	0.36667
7652.6	0.37
7658.4	0.37333
7664.1	0.37333
7669.8	0.37333
7675.5	0.37333
7681.3	0.35667
7687	0.35333
7692.7	0.36333
7698.4	0.35333
7704.2	0.34
7709.9	0.31667
7715.6	0.33667
7721.3	0.34
7727	0.34333
7732.8	0.33
7738.5	0.32333
7744.2	0.33
7749.9	0.33667
7755.7	0.34667
7761.4	0.34333
7767.1	0.33333
7772.8	0.32333
7778.5	0.33
7784.3	0.33
7790	0.32667
7795.7	0.30667
7801.4	0.31333
7807.2	0.32333
7812.9	0.33333
7818.6	0.33
7824.3	0.32
7830	0.32667
7835.8	0.33667
7841.5	0.33333
7847.2	0.32333
7852.9	0.30333
7858.7	0.31333
7864.4	0.32
7870.1	0.31
7875.8	0.29667
7881.5	0.28667
7887.3	0.3
7893	0.29333
7898.7	0.30667
7904.4	0.32333
7910.2	0.34667
7915.9	0.34667
7921.6	0.33667
7927.3	0.33
7933	0.32333
7938.8	0.31333
7944.5	0.31333
7950.2	0.29333
7955.9	0.29667
7961.7	0.31
7967.4	0.32333
7973.1	0.32667
7978.8	0.32
7984.6	0.32333
7990.3	0.32
7996	0.31333
8001.7	0.33333
8007.4	0.35
8013.2	0.35667
8018.9	0.34
8024.6	0.33667
8030.3	0.35
8036.1	0.35667
8041.8	0.35333
8047.5	0.33333
8053.2	0.32333
8058.9	0.32667
8064.7	0.33
8070.4	0.34667
8076.1	0.33333
8081.8	0.33333
8087.6	0.32
8093.3	0.31667
8099	0.32
8104.7	0.33
8110.4	0.35
8116	0.33333
8121.7	0.32
8127.4	0.31
8133.1	0.32333
8138.8	0.33
8144.5	0.32667
8150.1	0.30667
8155.8	0.29667
8161.5	0.29333
8167.2	0.30333
8172.9	0.29333
8178.6	0.27333
8184.2	0.27
8189.9	0.29
8195.6	0.32333
8201.3	0.34
8252.4	0.34667
8258.1	0.33333
8263.8	0.32333
8269.5	0.33667
8275.2	0.35333
8280.8	0.39333
8286.5	0.39667
8292.2	0.4
8297.9	0.4
8303.6	0.36667
8309.2	0.34333
8314.9	0.32
8320.6	0.32667
8326.3	0.33667
8332	0.33667
8337.7	0.32
8343.3	0.29667
8349	0.26667
8354.7	0.27667
8360.4	0.29333
8366.1	0.31333
8371.8	0.32
8377.4	0.32333
8383.1	0.33
8388.8	0.33333
8394.5	0.32333
8400.2	0.31667
8405.8	0.33
8411.5	0.34667
8417.2	0.36
8422.9	0.35
8428.6	0.33
8434.3	0.32
8439.9	0.33667
8445.6	0.34
8451.3	0.33333
8457	0.29667
8462.7	0.30333
8468.4	0.33
8474	0.36
8479.7	0.37
8485.4	0.36333
8491.1	0.35
8496.8	0.35
8502.4	0.33333
8508.1	0.33
8513.8	0.35
8519.5	0.35
8525.2	0.33333
8530.9	0.31667
8536.5	0.32667
8542.2	0.35
8547.9	0.35
8553.6	0.33333
8559.3	0.33
8565	0.32667
8570.6	0.33667
8576.3	0.35
8582	0.35
8587.7	0.36667
8593.4	0.34667
8599	0.35667
8604.7	0.35
8610.4	0.38667
8616.1	0.38333
8621.8	0.39333
8627.5	0.37
8633.1	0.38
8638.8	0.37
8644.5	0.37667
8650.2	0.36
8655.9	0.35667
8661.6	0.35333
8667.2	0.35
8672.9	0.33
8678.6	0.35667
8684.3	0.37667
8690	0.39333
8695.6	0.36
8701.3	0.34333
8707	0.34667
8712.7	0.34333
8718.4	0.35333
8724.1	0.35667
8729.7	0.36667
8735.4	0.36
8741.1	0.36333
8746.8	0.37333
8752.5	0.37333
8758.2	0.36
8763.8	0.34
8769.5	0.34
8775.2	0.32667
8780.9	0.31
8786.6	0.3
8792.2	0.28667
8797.9	0.29333
8803.6	0.28667
8809.3	0.30333
8815	0.30667
8820.7	0.33
8826.3	0.32
8832	0.33
8837.7	0.30667
8843.4	0.32667
8849.1	0.33333
8854.8	0.33
8860.4	0.32667
8866.1	0.32333
8871.8	0.34667
8877.5	0.35333
8883.2	0.35333
8888.8	0.34333
8894.5	0.34333
8900.2	0.31667
8905.9	0.33
8911.6	0.3
8917.3	0.32667
8922.9	0.31
8928.6	0.34667
8934.3	0.33333
8940	0.35
8945.7	0.35333
8951.4	0.37333
8957	0.37667
8962.7	0.37333
8968.4	0.36667
8974.1	0.35
8979.8	0.35333
8985.4	0.36
8991.1	0.36333
8996.8	0.34
9002.5	0.34
9008.2	0.34667
9013.9	0.37333
9019.5	0.37
9025.2	0.37667
9030.9	0.35333
9036.6	0.33667
9042.3	0.33
9048	0.33667
9053.6	0.34
9059.3	0.34
9065	0.33333
9070.7	0.32667
9076.4	0.3
9082	0.31333
9087.7	0.34333
9093.4	0.37333
9099.1	0.37333
9104.8	0.35667
9110.5	0.36
9116.1	0.37333
9121.8	0.39
9127.5	0.39667
9133.2	0.38
9138.9	0.37
9144.6	0.34667
9150.2	0.35
9155.9	0.34
9161.6	0.33667
9167.3	0.34667
9173	0.35333
9178.6	0.36667
9184.3	0.36667
9190	0.38667
9195.7	0.36333
9201.4	0.32
9207.1	0.28333
9212.7	0.31333
9218.4	0.33667
9224.1	0.35667
9229.8	0.33667
9235.5	0.35
9241.2	0.35667
9246.8	0.36333
9252.5	0.35333
9258.2	0.32667
9263.9	0.31667
9269.6	0.31667
9275.2	0.32333
9280.9	0.33333
9286.6	0.33667
9292.3	0.35
9298	0.32333
9303.7	0.30333
9309.3	0.29667
9315	0.32
9320.7	0.32667
9326.4	0.31667
9332.1	0.30667
9337.8	0.29667
9343.4	0.28
9349.1	0.3
9354.8	0.3
9360.5	0.31333
9366.2	0.29
9371.8	0.28667
9377.5	0.27333
9383.2	0.28
9388.9	0.29333
9394.6	0.30667
9400.3	0.3
9405.9	0.30333
9411.6	0.31
9417.3	0.31667
9423	0.29667
9428.7	0.32
9434.4	0.33333
9440	0.34667
9445.7	0.30667
9451.4	0.28
9457.1	0.28333
9462.8	0.30667
9468.4	0.32667
9474.1	0.33667
9479.8	0.33333
9485.5	0.31333
9491.2	0.30667
9496.9	0.3
9502.5	0.31333
9508.2	0.32333
9513.9	0.32333
9519.6	0.33333
9525.3	0.31667
9531	0.32667
9536.6	0.32333
9542.3	0.34
9548	0.36667
9554.1	0.37333
9560.3	0.35
9566.4	0.33
9572.5	0.32667
9578.6	0.33667
9584.8	0.31333
9590.9	0.31333
9597	0.30333
9603.1	0.32667
9609.3	0.31333
9615.4	0.33333
9621.5	0.32
9627.6	0.31667
9633.8	0.32667
9639.9	0.31
9646	0.31333
9652.1	0.29667
9658.3	0.32
9664.4	0.32667
9670.5	0.33
9676.6	0.32667
9682.8	0.34333
9688.9	0.33333
9695	0.34
9701.1	0.33
9707.3	0.33667
9713.4	0.32667
9719.5	0.33
9725.6	0.32333
9731.8	0.33333
9737.9	0.32667
9744	0.33
9750.1	0.33
9756.3	0.32667
9762.4	0.33333
9768.5	0.31667
9774.6	0.32667
9780.8	0.33333
9786.9	0.36333
9793	0.34
9799.1	0.32667
9805.3	0.30667
9811.4	0.33
9817.5	0.35
9823.6	0.35333
9829.8	0.36
9835.9	0.35667
9842	0.35667
9848.1	0.36333
9854.3	0.35667
9860.4	0.36667
9866.5	0.34
9872.7	0.32333
9878.8	0.29
9884.9	0.31333
9891	0.32333
9897.2	0.35167
9903.3	0.34667
9909.4	0.34833
9915.5	0.34167
9921.7	0.325
9927.8	0.32833
9933.9	0.315
9940	0.31167
9946.2	0.31167
9952.3	0.31833
9958.4	0.315
9964.5	0.305
9970.7	0.31167
9976.8	0.315
9982.9	0.31167
9989	0.315
9995.2	0.31833
10001	0.32167
10007	0.32167
10014	0.315
10020	0.32167
10026	0.315
10032	0.33167
10038	0.32833
10044	0.33167
10050	0.32167
10056	0.335
10063	0.33833
10069	0.34833
10075	0.33833
10081	0.35167
10087	0.34833
10093	0.335
10099	0.32167
10105	0.30833
10112	0.325
10118	0.31833
10124	0.335
10130	0.315
10136	0.30833
10142	0.305
10148	0.33167
10154	0.33833
10161	0.34167
10167	0.32167
10173	0.31833
10179	0.30833
10185	0.315
10191	0.33167
10197	0.325
10203	0.32167
10210	0.30167
10216	0.32833
10222	0.33167
10228	0.35167
10234	0.335
10240	0.34833
10246	0.33167
10252	0.32167
10259	0.305
10265	0.32833
10271	0.345
10277	0.355
10283	0.33833
10289	0.32833
10295	0.31833
10301	0.305
10308	0.30833
10314	0.325
10320	0.32167
10326	0.33167
10332	0.33167
10338	0.35833
10344	0.34833
10350	0.33167
10357	0.315
10363	0.31167
10369	0.31167
10375	0.33167
10381	0.325
10387	0.32833
10393	0.30833
10399	0.32167
10406	0.33167
10412	0.34167
10418	0.325
10424	0.29833
10430	0.29167
10436	0.295
10442	0.30167
10448	0.28833
10455	0.29167
10461	0.285
10467	0.285
10473	0.27833
10479	0.28167
10485	0.285
10491	0.27833
10497	0.29167
10504	0.28833
10510	0.29167
10516	0.26833
10522	0.27167
10528	0.27167
10534	0.28833
10540	0.285
10546	0.29167
10553	0.295
10559	0.30167
10565	0.295
10571	0.275
10577	0.25833
10583	0.255
10589	0.27167
10595	0.28167
10602	0.29167
10608	0.285
10614	0.29167
10620	0.28833
10626	0.27833
10632	0.265
10638	0.27833
10644	0.28167
10651	0.29167
10657	0.26167
10663	0.27167
10669	0.265
10675	0.25833
10681	0.255
10687	0.24167
10693	0.26167
10700	0.26833
10706	0.26833
10712	0.25167
10718	0.23167
10724	0.24833
10730	0.27167
10736	0.275
10742	0.26833
10749	0.245
10755	0.25167
10761	0.26167
10767	0.275
10773	0.27167
10779	0.24833
10785	0.23167
10791	0.24167
10798	0.26833
10804	0.295
10810	0.27167
10816	0.25167
10822	0.25167
10828	0.27167
10834	0.27833
10840	0.27833
10847	0.28167
10853	0.29167
10859	0.275
10865	0.275
10871	0.26833
10877	0.29833
10883	0.29833
10889	0.305
10896	0.275
10902	0.26167
10908	0.26167
10914	0.27833
10920	0.28833
10926	0.285
10932	0.27833
10938	0.285
10945	0.295
10951	0.305
10957	0.295
10963	0.28833
10969	0.27167
10975	0.285
10981	0.27833
10987	0.265
10994	0.24833
11000	0.235
11006	0.235
11012	0.23833
11018	0.245
11024	0.255
11030	0.24167
11036	0.23833
11043	0.22167
11049	0.23167
11055	0.225
11061	0.245
11067	0.25167
11073	0.25167
11079	0.24833
11085	0.24833
11092	0.24833
11098	0.26833
11104	0.255
11110	0.28167
11112	0.27167
11114	0.285
11117	0.26833
11119	0.24833
11121	0.26833
11123	0.26833
11125	0.26833
11127	0.24833
11130	0.26167
11132	0.275
11134	0.265
11136	0.24167
11138	0.24167
11140	0.24833
11143	0.24833
11145	0.25167
11147	0.25
11149	0.28167
11151	0.27667
11154	0.26333
11156	0.27
11158	0.3
11160	0.31333
11162	0.27667
11164	0.23333
11167	0.23
11169	0.24
11171	0.25333
11173	0.23333
11175	0.22667
11178	0.23667
11180	0.26667
11182	0.26667
11184	0.23
11186	0.19333
11188	0.19
11191	0.19667
11193	0.22
11195	0.25
11197	0.27
11199	0.28667
11201	0.27667
11204	0.27
11206	0.25667
11208	0.24333
11210	0.26667
11212	0.26667
11215	0.26
11217	0.23333
11219	0.23
11221	0.23333
11223	0.23667
11225	0.22667
11228	0.22333
11230	0.21667
11232	0.21667
11234	0.22667
11236	0.25
11238	0.24333
11241	0.23333
11243	0.22
11245	0.24333
11247	0.22
11249	0.19667
11252	0.16333
11254	0.17667
11256	0.19
11258	0.2
11260	0.22
11262	0.23667
11265	0.26
11267	0.26
11269	0.24
11271	0.22333
11273	0.22667
11276	0.25333
11278	0.25667
11280	0.24667
11282	0.24
11284	0.26
11286	0.24
11289	0.22333
11291	0.21
11293	0.22
11295	0.22667
11297	0.21
11299	0.22333
11302	0.21
11304	0.22333
11306	0.20333
11308	0.22
11310	0.2
11313	0.21333
11315	0.20667
11317	0.22333
11319	0.20667
11321	0.20667
11323	0.21
11326	0.22667
11328	0.23333
11330	0.23667
11332	0.24333
11334	0.24
11336	0.22667
11339	0.18667
11348	0.13
11350	0.11667
11352	0.15333
11354	0.18667
11357	0.19667
11359	0.16667
11361	0.17
11363	0.18
11366	0.19667
11368	0.20667
11370	0.23
11372	0.25333
11374	0.27
11377	0.24667
11379	0.24
11381	0.23333
11384	0.23667
11386	0.23
11388	0.22667
11390	0.21667
11392	0.21333
11395	0.2
11397	0.18667
11399	0.18
11401	0.19333
11404	0.2
11406	0.2
11408	0.18333
11410	0.19333
11413	0.18667
11415	0.18667
11417	0.19
11419	0.19667
11422	0.21667
11424	0.21
11426	0.2
11428	0.18667
11431	0.18333
11433	0.19
11435	0.20667
11437	0.21333
11440	0.22
11442	0.20667
11444	0.20667
11446	0.20667
11449	0.20333
11451	0.18333
11453	0.18667
11455	0.2
11458	0.22333
11460	0.23
11462	0.24667
11464	0.26
11467	0.25
11469	0.24333
11471	0.21
11473	0.19667
11476	0.18333
11478	0.2
11480	0.21
11482	0.2
11485	0.2
11487	0.20333
11489	0.21333
11491	0.20667
11494	0.21333
11496	0.21667
11498	0.22
11500	0.22
11503	0.21333
11505	0.22667
11507	0.22333
11509	0.22667
11511	0.20333
11514	0.19333
11516	0.19333
11518	0.21667
11521	0.23
11523	0.24
11529	0.19
11532	0.2
11534	0.2
11536	0.20667
11538	0.20333
11541	0.18333
11543	0.17333
11545	0.16
11547	0.17667
11550	0.19
11552	0.22333
11554	0.26
11556	0.25
11559	0.22333
11561	0.19
11563	0.19667
11565	0.2
11568	0.19333
11570	0.19333
11572	0.17333
11574	0.17
11577	0.13667
11579	0.13667
11581	0.14
11583	0.16333
11586	0.18
11588	0.17333
11590	0.17
11592	0.18333
11595	0.17333
11597	0.17667
11599	0.16667
11602	0.18333
11606	0.2
11609	0.21
11613	0.22
11617	0.21667
11620	0.21
11624	0.20667
11628	0.18333
11632	0.17333
11635	0.14333
11639	0.13
11643	0.11667
11646	0.12
11650	0.13333
11654	0.14667
11657	0.17667
11661	0.17667
11665	0.15333
11668	0.13333
11672	0.13667
11676	0.14333
11679	0.16
11683	0.17667
11687	0.21667
11690	0.19
11694	0.15667
11698	0.14
11701	0.15667
11705	0.16
11709	0.14
11712	0.12
11716	0.11333
11720	0.1
11723	0.086667
11727	0.10667
11731	0.13667
11734	0.17
11738	0.17
11742	0.17
11745	0.16667
11749	0.18667
11753	0.19
11756	0.22333
11760	0.22
11764	0.21667
11767	0.18333
11771	0.15333
11775	0.15
11778	0.15333
11782	0.17
11786	0.14333
11789	0.14667
11793	0.15667
11797	0.19667
11800	0.20333
11804	0.20333
11808	0.19667
11811	0.20333
11815	0.19333
11819	0.16333
11822	0.13333
11826	0.11
11830	0.10333
11833	0.08
11837	0.093333
11841	0.08
11845	0.10667
11848	0.13
11852	0.17
11856	0.19
11859	0.17667
11863	0.18333
11867	0.18
11870	0.18333
11874	0.17667
11877	0.17333
11881	0.17333
11885	0.18
11888	0.17667
11892	0.16
11896	0.15333
11900	0.14333
11903	0.17333
11907	0.18667
11911	0.17333
11914	0.13333
11918	0.083333
11922	0.1
11925	0.14
11929	0.16333
11933	0.18
11936	0.14333
11940	0.16333
11944	0.15333
11947	0.16667
11951	0.14667
11955	0.13667
11958	0.15667
11962	0.17333
11966	0.17
11969	0.12333
11973	0.11
11977	0.14
11980	0.17667
11984	0.17667
11988	0.15667
11991	0.16
11995	0.19667
11999	0.2
12002	0.20333
12006	0.17
12010	0.17333
12013	0.15333
12017	0.17333
12021	0.18
12024	0.2
12028	0.19667
12032	0.18667
12035	0.17667
12039	0.16667
12043	0.20333
12046	0.23
12050	0.25333
12054	0.23
12057	0.23
12061	0.22
12065	0.19333
12069	0.17333
12072	0.15667
12076	0.13333
12079	0.093333
12083	0.096667
12087	0.13667
12090	0.17
12094	0.19667
12098	0.20667
12101	0.21667
12105	0.19
12109	0.19
12113	0.17667
12116	0.17667
12120	0.16
12124	0.15667
12127	0.15667
12131	0.16333
12135	0.17333
12138	0.16333
12142	0.16667
12146	0.17667
12149	0.19667
12153	0.19333
12157	0.19
12160	0.19667
12164	0.22
12168	0.23333
12171	0.22667
12175	0.19667
12179	0.19
12182	0.19667
12186	0.19
12190	0.17667
12193	0.16
12197	0.19
12201	0.19
12204	0.18333
12208	0.16333
12212	0.15
12215	0.17667
12219	0.18667
12223	0.21
12226	0.19333
12230	0.16
12234	0.11667
12237	0.11
12241	0.12667
12245	0.17667
12248	0.17
12252	0.17
12256	0.14667
12259	0.14333
12263	0.14
12267	0.13333
12270	0.14
12274	0.15333
12278	0.15
12282	0.18
12285	0.18667
12289	0.22
12292	0.18333
12296	0.16
12300	0.12
12303	0.14
12307	0.16
12311	0.18667
12314	0.16
12318	0.13667
12322	0.13333
12326	0.18
12329	0.19667
12333	0.17667
12337	0.14667
12340	0.16
12344	0.16
12348	0.16
12351	0.16
12355	0.19
12359	0.22333
12362	0.24
12366	0.23667
12369	0.22667
12373	0.19333
12377	0.18333
12381	0.17333
12384	0.21667
12388	0.22333
12392	0.23667
12395	0.20667
12399	0.22667
12403	0.22
12406	0.21667
12410	0.20667
12414	0.22
12417	0.22667
12421	0.23333
12425	0.23
12428	0.23333
12432	0.23333
12436	0.18333
12439	0.17667
12443	0.14
12447	0.17667
12450	0.18667
12454	0.22
12458	0.22667
12461	0.20667
12465	0.18667
12469	0.18333
12472	0.2
12476	0.23
12480	0.24
12483	0.23333
12487	0.22
12491	0.19333
12494	0.18
12498	0.17667
12502	0.18
12505	0.19
12509	0.15333
12513	0.16
12516	0.145
12520	0.19
12524	0.25
12527	0.23
12531	0.20667
12535	0.15333
12538	0.15
12542	0.16667
12546	0.22
12550	0.22667
12553	0.23333
12557	0.18333
12561	0.17
12564	0.16333
12568	0.18333
12571	0.17
12575	0.15
12579	0.19667
12582	0.16667
12586	0.18
12590	0.14667
12594	0.20333
12597	0.21667
12601	0.23667
12605	0.24667
12608	0.24
12612	0.23333
12616	0.23333
12619	0.24333
12623	0.23667
12627	0.22333
12630	0.24333
12634	0.24
12638	0.23
12641	0.19667
12645	0.19333
12649	0.21333
12652	0.20333
12656	0.21333
12660	0.20667
12663	0.19333
12667	0.17333
12671	0.15667
12674	0.18333
12678	0.2
12682	0.21
12685	0.22667
12689	0.22
12693	0.21
12696	0.17
12700	0.15
12704	0.16667
12707	0.17667
12711	0.21667
12715	0.20333
12718	0.22667
12722	0.17
12726	0.18333
12729	0.14667
12733	0.18333
12737	0.19667
12740	0.21333
12744	0.18667
12748	0.17
12751	0.17
12755	0.17333
12759	0.18667
12763	0.20333
12766	0.20667
12770	0.18
12774	0.16333
12777	0.18333
12781	0.20667
12784	0.21667
12788	0.24667
12792	0.24333
12795	0.25667
12799	0.23
12803	0.22
12807	0.19667
12810	0.20333
12814	0.2
12818	0.21667
12821	0.21
12825	0.22
12829	0.21667
12832	0.22
12836	0.22
12840	0.22
12843	0.24333
12847	0.28
12851	0.33
12854	0.30667
12858	0.27333
12862	0.26
12865	0.28333
12869	0.29
12873	0.27
12876	0.25333
12880	0.26333
12884	0.26333
12887	0.28667
12891	0.28
12895	0.28667
12898	0.26333
12903	0.23333
12908	0.22
12913	0.24
12918	0.27667
12923	0.28333
12928	0.28333
12933	0.25
12938	0.24333
12943	0.24333
12948	0.27333
12953	0.28333
12958	0.26667
12963	0.26
12968	0.25
12973	0.25667
12978	0.26
12983	0.27
12988	0.26
12993	0.25
12999	0.23667
13004	0.24
13009	0.24333
13014	0.24
13019	0.25
13024	0.26333
13029	0.28
13034	0.26
13039	0.24667
13044	0.24333
13049	0.25667
13054	0.25667
13059	0.24667
13064	0.23667
13069	0.24333
13074	0.25
13079	0.23667
13084	0.21333
13089	0.19333
13094	0.21667
13099	0.24667
13104	0.26
13109	0.25667
13114	0.24667
13120	0.25333
13124	0.25667
13130	0.26333
13135	0.25667
13140	0.25333
13145	0.25
13150	0.26333
13155	0.26333
13160	0.25333
13165	0.23
13170	0.21667
13175	0.22
13180	0.22667
13185	0.23
13190	0.23333
13195	0.23333
13200	0.24
13205	0.23
13210	0.23667
13215	0.23333
13220	0.23
13225	0.23333
13230	0.22667
13235	0.24
13241	0.23333
13245	0.25667
13251	0.26
13256	0.27667
13261	0.27333
13266	0.26333
13271	0.24
13276	0.22667
13281	0.23
13286	0.23333
13291	0.22333
13296	0.2
13301	0.19
13306	0.19667
13311	0.20667
13316	0.22
13321	0.25333
13326	0.26333
13331	0.27333
13336	0.25
13341	0.24667
13346	0.24
13351	0.23
13356	0.23667
13362	0.24
13366	0.25333
13372	0.26667
13376	0.28333
13382	0.28
13387	0.25333
13392	0.21
13397	0.19
13402	0.18667
13407	0.18333
13412	0.17667
13417	0.18333
13422	0.19667
13427	0.21
13432	0.21
13437	0.22
13442	0.22333
13447	0.20333
13452	0.18
13457	0.18333
13462	0.23
13516	0.27333
13521	0.29
13527	0.27667
13532	0.27
13537	0.28333
13542	0.31667
13547	0.31667
13552	0.3
13557	0.27
13562	0.25333
13567	0.26333
13572	0.27
13578	0.27333
13583	0.27
13588	0.26
13593	0.26
13598	0.24667
13603	0.26667
13608	0.29
13613	0.27333
13618	0.23667
13624	0.21
13629	0.24667
13634	0.27667
13639	0.29667
13644	0.27333
13649	0.26333
13654	0.24
13659	0.23667
13664	0.25
13670	0.26
13675	0.27
13680	0.26
13685	0.27667
13690	0.28333
13695	0.28
13700	0.27667
13705	0.29333
13710	0.3
13715	0.28333
13721	0.26667
13726	0.28
13731	0.29
13736	0.29333
13741	0.27667
13746	0.25667
13751	0.24333
13756	0.23333
13761	0.25
13767	0.24
13772	0.25667
13777	0.24667
13782	0.24
13787	0.23667
13792	0.23667
13797	0.26667
13802	0.25667
13807	0.25667
13813	0.25333
13818	0.26333
13823	0.29
13828	0.28333
13833	0.27
13838	0.24333
13843	0.24333
13848	0.25
13853	0.27
13858	0.27
13864	0.28667
13869	0.27
13874	0.27333
13879	0.24333
13884	0.24
13889	0.23667
13894	0.26333
13899	0.26667
13904	0.27333
13910	0.27
13915	0.27667
13920	0.25333
13925	0.23667
13930	0.23333
13935	0.24
13940	0.25667
13945	0.26333
13950	0.29
13956	0.29
13961	0.28667
13966	0.27333
13971	0.24333
13976	0.26333
13981	0.21667
13986	0.20667
13991	0.17333
13996	0.2
14001	0.22
14007	0.2
14012	0.19333
14017	0.18333
14022	0.18
14027	0.18333
14032	0.17667
14037	0.18667
14042	0.17
14047	0.19
14053	0.21333
14058	0.23667
14063	0.22667
14068	0.23333
14073	0.25333
14078	0.28
14083	0.30667
14088	0.30667
14093	0.30333
14099	0.27
14104	0.29333
14109	0.32667
14114	0.33667
14119	0.32667
14124	0.28
14129	0.27667
14134	0.27
14139	0.35667
14144	0.41
14150	0.42333
14155	0.36
14160	0.29
14165	0.26333
14170	0.26333
14175	0.27667
14180	0.26333
14185	0.22667
14190	0.17667
14196	0.17667
14201	0.15667
14206	0.17667
14211	0.17667
14216	0.20667
14221	0.19
14226	0.2
14231	0.21667
14236	0.29333
14242	0.32
14247	0.33
14252	0.29667
14257	0.28333
14262	0.27667
14267	0.27333
14272	0.26667
14277	0.25333