3460.67004	-3.28439
3456.21896	-3.3245
3456.21896	-3.36461
3460.67004	-3.40472
3442.86571	-3.44483
3447.31679	-3.48494
3433.96355	-3.52506
3451.76788	-3.33252
3451.76788	-3.37263
3447.31679	-3.41275
3447.31679	-3.45286
3442.86571	-3.49297
3438.41463	-3.53308
3438.41463	-3.46489
3447.31679	-3.505
3442.86571	-3.54511
3451.76788	-3.47692
3456.21896	-3.28439
3460.67004	-3.3245
3474.02328	-3.30044
3465.12112	-3.34055
3487.37653	-3.38066
3487.37653	-3.41676
3469.5722	-3.3245
3478.47437	-3.36461
3487.37653	-3.40071
3474.02328	-3.32851
3469.5722	-3.34857
3487.37653	-3.36461
3527.43626	-3.32851
3518.5341	-3.36461
3505.18086	-3.3967
3580.84924	-3.1079
3567.496	-3.14801
3567.496	-3.1801
3558.59383	-3.21219
3545.24059	-3.2523
3540.78951	-3.29241
3531.88734	-3.33252
3514.08302	-3.36862
3496.27869	-3.3967
3518.5341	-3.38868
3531.88734	-3.35659
3558.59383	-3.22021
3545.24059	-3.26032
3545.24059	-3.30044
3531.88734	-3.34055
3545.24059	-3.30445
3536.33843	-3.29642
3554.14275	-3.2884
3558.59383	-3.26032
3567.496	-3.22824
3576.39816	-3.09587
3571.94708	-3.13598
3589.7514	-3.16807
3594.20249	-3.20818
3594.20249	-3.24829
3607.55573	-3.28439
3620.90898	-3.3245
3576.39816	-3.13598
3585.30032	-3.17609
3589.7514	-3.21219
3580.84924	-3.13598
3594.20249	-3.17208
3589.7514	-3.23626
3594.20249	-3.2162
3598.65357	-3.25631
3598.65357	-3.28038
3638.7133	-3.06779
3634.26222	-3.1079
3634.26222	-3.14801
3629.81114	-3.18813
3634.26222	-3.22824
3620.90898	-3.26835
3620.90898	-3.30846
3643.16438	-3.06779
3638.7133	-3.1079
3629.81114	-3.14801
3634.26222	-3.18813
3629.81114	-3.22824
3625.36006	-3.26835
3612.00681	-3.30846
3629.81114	-3.27637
3625.36006	-3.29241
3625.36006	-3.33252
3652.06655	-3.05977
3643.16438	-3.09988
3638.7133	-3.13999
3638.7133	-3.1801
3652.06655	-3.06779
3656.51763	-3.1079
3643.16438	-3.144
3647.61547	-3.09988
3656.51763	-3.13999
3669.87087	-3.1801
3669.87087	-3.22021
3674.32195	-3.26032
3687.6752	-3.30044
3687.6752	-3.34055
3696.57736	-3.38066
3701.02844	-3.42077
3714.38169	-3.46088
3727.73493	-3.49297
3758.8925	-3.505
3776.69683	-3.52907
3790.05008	-3.55313
3794.50116	-3.59324
3803.40332	-3.62934
3830.10981	-3.65341
3839.01197	-3.68951
3856.8163	-3.71759
3652.06655	-3.09587
3660.96871	-3.13598
3660.96871	-3.17609
3665.41979	-3.2162
3660.96871	-3.09988
3669.87087	-3.16807
3674.32195	-3.23225
3683.22412	-3.32851
3674.32195	-3.2884
3683.22412	-3.27637
3718.83277	-3.49698
3714.38169	-3.45687
3705.47953	-3.41676
3701.02844	-3.37665
3692.12628	-3.33654
3692.12628	-3.35258
3701.02844	-3.36461
3705.47953	-3.40472
3709.93061	-3.41676
3736.6371	-3.50099
3741.08818	-3.50901
3772.24575	-3.51302
3776.69683	-3.53709
3790.05008	-3.56116
3785.59899	-3.56116
3798.95224	-3.57319
3807.8544	-3.6133
3821.20765	-3.64539
3812.30548	-3.62934
3821.20765	-3.6494
3834.56089	-3.68149
3834.56089	-3.67347
3856.8163	-3.70154
3852.36522	-3.69352
3879.07171	-3.63335
3879.07171	-3.67347
3861.26738	-3.70154
3959.19117	-3.50099
3923.58252	-3.48494
3914.68036	-3.51703
3905.7782	-3.55714
3892.42495	-3.59725
3883.52279	-3.63737
3883.52279	-3.67748
3870.16954	-3.70956
3879.07171	-3.6494
3887.97387	-3.66945
3887.97387	-3.64138
3928.0336	-3.48896
3914.68036	-3.52506
3901.32711	-3.56517
3896.87603	-3.60528
3919.13144	-3.55313
3901.32711	-3.59324
3910.22928	-3.58121
3914.68036	-3.54511
3936.93577	-3.48093
3985.89766	-3.73363
3976.9955	-3.69352
3972.54442	-3.65341
3976.9955	-3.6133
3959.19117	-3.57319
3959.19117	-3.53308
3945.83793	-3.50099
3945.83793	-3.49297
3972.54442	-3.6494
3968.09334	-3.60929
3959.19117	-3.56918
3954.74009	-3.52907
3950.28901	-3.52907
3972.54442	-3.58121
3968.09334	-3.62132
3981.44658	-3.73764
3981.44658	-3.69753
3990.34875	-3.74566
3990.34875	-3.73764
4008.15307	-3.70555
4003.70199	-3.66544
4012.60415	-3.62533
3994.79983	-3.71358
3999.25091	-3.69753
4017.05524	-3.66143
4008.15307	-3.62132
4012.60415	-3.67347
4003.70199	-3.63335
4039.31064	-3.83792
4039.31064	-3.79781
4025.9574	-3.7577
4021.50632	-3.71759
4017.05524	-3.68149
4021.50632	-3.72962
4021.50632	-3.66945
4017.05524	-3.62934
4034.85956	-3.80984
4030.40848	-3.76973
4025.9574	-3.72962
4025.9574	-3.76572
4039.31064	-3.81786
4048.21281	-3.83792
4106.07687	-3.48494
4097.1747	-3.51703
4092.72362	-3.55714
4092.72362	-3.59725
4079.37038	-3.63737
4083.82146	-3.67748
4074.9193	-3.71759
4070.46821	-3.7577
4066.01713	-3.79781
4057.11497	-3.83792
4057.11497	-3.83391
4070.46821	-3.78176
4097.1747	-3.56918
4088.27254	-3.60929
4074.9193	-3.6494
4079.37038	-3.68951
4074.9193	-3.72962
4074.9193	-3.76973
4070.46821	-3.7216
4079.37038	-3.65742
4074.9193	-3.69753
4079.37038	-3.73764
4079.37038	-3.77775
4101.62579	-3.49297
4092.72362	-3.52506
4088.27254	-3.56517
4083.82146	-3.60528
4097.1747	-3.52907
4101.62579	-3.48494
4181.74525	-4.20694
4172.84309	-4.16683
4181.74525	-4.12672
4168.39201	-4.08661
4159.48985	-4.04649
4168.39201	-4.00638
4163.94093	-3.96627
4159.48985	-3.92616
4159.48985	-3.88605
4159.48985	-3.84594
4150.58768	-3.80583
4150.58768	-3.76572
4146.1366	-3.72561
4137.23444	-3.6855
4128.33227	-3.64539
4119.43011	-3.60528
4114.97903	-3.56517
4114.97903	-3.52506
4110.52795	-3.49297
4141.68552	-3.76171
4137.23444	-3.7216
4137.23444	-3.68149
4123.88119	-3.64138
4123.88119	-3.60127
4119.43011	-3.56116
4119.43011	-3.52104
4128.33227	-3.60127
4123.88119	-3.56116
4123.88119	-3.52104
4141.68552	-3.72962
4128.33227	-3.68951
4146.1366	-3.75369
4163.94093	-3.9021
4159.48985	-3.86199
4150.58768	-3.82187
4155.03876	-3.78176
4177.29417	-4.21496
4172.84309	-4.17485
4177.29417	-4.13474
4181.74525	-4.09463
4181.74525	-4.05452
4168.39201	-4.01441
4159.48985	-3.9743
4163.94093	-3.93418
4168.39201	-3.89407
4159.48985	-3.95424
4181.74525	-4.08259
4172.84309	-4.04248
4186.19633	-4.00237
4181.74525	-3.96226
4181.74525	-3.92215
4181.74525	-3.88204
4186.19633	-3.84193
4181.74525	-3.80182
4186.19633	-3.76171
4190.64742	-3.7216
4186.19633	-3.68149
4199.54958	-3.6494
4195.0985	-3.60929
4212.90282	-3.56918
4172.84309	-4.15479
4172.84309	-4.11468
4177.29417	-4.00237
4177.29417	-4.04248
4172.84309	-4.05853
4199.54958	-3.55714
4212.90282	-3.59725
4195.0985	-3.63737
4190.64742	-3.67347
4190.64742	-3.71358
4190.64742	-3.75369
4177.29417	-3.7938
4177.29417	-3.83391
4177.29417	-3.87402
4186.19633	-3.97831
4186.19633	-3.95023
4186.19633	-3.91012
4186.19633	-3.87001
4190.64742	-3.8299
4186.19633	-3.78979
4190.64742	-4.00638
4186.19633	-4.04649
4195.0985	-3.81786
4208.45174	-3.5411
4204.00066	-3.58121
4204.00066	-3.62132
4195.0985	-3.65341
4195.0985	-3.69352
4252.96256	-4.02644
4239.60931	-3.98633
4244.0604	-3.94622
4226.25607	-3.90611
4230.70715	-3.866
4221.80499	-3.82589
4226.25607	-3.78578
4217.35391	-3.74566
4217.35391	-3.70555
4217.35391	-3.66544
4208.45174	-3.62934
4199.54958	-3.58923
4212.90282	-3.6494
4208.45174	-3.60929
4212.90282	-3.74165
4212.90282	-3.70555
4212.90282	-3.66544
4221.80499	-3.87402
4221.80499	-3.83391
4226.25607	-3.7938
4221.80499	-3.75369
4217.35391	-3.84193
4217.35391	-3.80182
4221.80499	-3.76171
4230.70715	-3.83792
4248.51148	-4.01842
4244.0604	-3.97831
4239.60931	-3.94221
4230.70715	-3.90611
4226.25607	-3.866
4235.15823	-3.88204
4235.15823	-3.93418
4257.41364	-4.00638
4252.96256	-3.96627
4248.51148	-3.92616
4252.96256	-3.88605
4252.96256	-3.84594
4257.41364	-3.80583
4252.96256	-3.76572
4248.51148	-3.72561
4257.41364	-3.6855
4257.41364	-3.64539
4257.41364	-3.60528
4275.21797	-3.56517
4248.51148	-3.69753
4257.41364	-3.73764
4252.96256	-3.77775
4248.51148	-3.81786
4248.51148	-3.85797
4248.51148	-3.89809
4257.41364	-3.9382
4252.96256	-3.97831
4257.41364	-3.96627
4257.41364	-3.92616
4257.41364	-3.88605
4257.41364	-3.84594
4252.96256	-3.80583
4257.41364	-3.65341
4248.51148	-3.74968
4261.86472	-3.70956
4261.86472	-3.66945
4297.47337	-3.81786
4293.02229	-3.77775
4288.57121	-3.73764
4279.66905	-3.70154
4275.21797	-3.66143
4270.76688	-3.62132
4275.21797	-3.58121
4266.3158	-3.5411
4293.02229	-3.80182
4284.12013	-3.76171
4279.66905	-3.7216
4275.21797	-3.68951
4284.12013	-3.6494
4266.3158	-3.60929
4270.76688	-3.56918
4284.12013	-3.70956
4279.66905	-3.66945
4284.12013	-3.62934
4279.66905	-3.58923
4270.76688	-3.6133
4279.66905	-3.55313
4297.47337	-3.78578
4301.92446	-3.74566
4319.72878	-3.70555
4319.72878	-3.66544
4328.63094	-3.62533
4324.17986	-3.58522
4319.72878	-3.54511
4333.08203	-3.505
4333.08203	-3.46489
4333.08203	-3.42478
4333.08203	-3.38467
4288.57121	-3.78578
4301.92446	-3.76171
4301.92446	-3.72962
4319.72878	-3.69352
4324.17986	-3.65341
4319.72878	-3.6133
4328.63094	-3.57319
4328.63094	-3.53308
4324.17986	-3.49297
4310.82662	-3.69753
4319.72878	-3.61731
4333.08203	-3.55714
4328.63094	-3.51703
4333.08203	-3.48494
4328.63094	-3.44483
4341.98419	-3.40472
4337.53311	-3.45286
4337.53311	-3.41275
4328.63094	-3.37263
4346.43527	-3.44082
4350.88635	-3.48093
4350.88635	-3.52104
4350.88635	-3.56116
4359.78852	-3.60127
4346.43527	-3.64138
4350.88635	-3.46489
4346.43527	-3.505
4350.88635	-3.54511
4346.43527	-3.58522
4350.88635	-3.62533
4359.78852	-3.66544
4355.33743	-3.70555
4355.33743	-3.74566
4350.88635	-3.78578
4355.33743	-3.82589
4359.78852	-3.866
4364.2396	-3.90611
4355.33743	-3.56517
4355.33743	-3.60528
4350.88635	-3.64539
4355.33743	-3.6855
4359.78852	-3.72561
4350.88635	-3.76572
4359.78852	-3.80583
4355.33743	-3.84594
4350.88635	-3.65341
4350.88635	-3.69352
4350.88635	-3.73363
4359.78852	-3.89006
4364.2396	-3.84995
4359.78852	-3.80984
4364.2396	-3.76973
4368.69068	-3.84995
4355.33743	-3.80984
4404.29933	-3.64539
4390.94609	-3.6855
4390.94609	-3.72561
4382.04392	-3.76171
4386.49501	-3.80182
4386.49501	-3.84193
4382.04392	-3.88204
4373.14176	-3.92215
4395.39717	-3.70154
4382.04392	-3.73764
4386.49501	-3.77775
4382.04392	-3.81786
4377.59284	-3.85797
4377.59284	-3.7577
4377.59284	-3.82589
4390.94609	-3.75369
4390.94609	-3.7938
4408.75041	-3.65742
4399.84825	-3.69753
4413.20149	-3.67347
4417.65258	-3.71358
4413.20149	-3.75369
4422.10366	-3.7938
4422.10366	-3.83391
4422.10366	-3.87402
4431.00582	-3.91413
4431.00582	-3.95424
4426.55474	-3.99435
4426.55474	-4.03446
4431.00582	-4.07457
4435.4569	-4.11468
4404.29933	-3.66945
4408.75041	-3.70956
4408.75041	-3.74968
4404.29933	-3.68951
4417.65258	-3.74566
4422.10366	-3.78578
4422.10366	-3.82589
4422.10366	-3.866
4426.55474	-3.90611
4426.55474	-3.94622
4426.55474	-3.98633
4426.55474	-4.02644
4431.00582	-4.06655
4439.90798	-4.10666
4413.20149	-3.71759
4422.10366	-3.9382
4417.65258	-3.89809
4417.65258	-3.88204
4435.4569	-4.00638
4435.4569	-4.04649
4448.81015	-4.08661
4431.00582	-3.9743
4475.51664	-3.64539
4479.96772	-3.6855
4479.96772	-3.72561
4475.51664	-3.76572
4488.86988	-3.80583
4475.51664	-3.84594
4475.51664	-3.88605
4471.06556	-3.92616
4475.51664	-3.96627
4466.61447	-4.00638
4457.71231	-4.03847
4439.90798	-4.07056
4439.90798	-4.09864
4457.71231	-4.05051
4448.81015	-4.07858
4457.71231	-4.07457
4466.61447	-3.9382
4471.06556	-3.97831
4462.16339	-4.01842
4479.96772	-3.64138
4479.96772	-3.68149
4484.4188	-3.7216
4479.96772	-3.76171
4484.4188	-3.80182
4479.96772	-3.84193
4475.51664	-3.88204
4475.51664	-3.92215
4471.06556	-3.96226
4475.51664	-3.99034
4466.61447	-4.03045
4479.96772	-3.81385
4475.51664	-3.80583
4479.96772	-3.66544
4488.86988	-3.70555
4484.4188	-3.74566
4493.32096	-3.78578
4484.4188	-3.83792
4497.77204	-3.87803
4493.32096	-3.80984
4488.86988	-3.84995
4502.22313	-3.89006
4502.22313	-3.93017
4502.22313	-3.97028
4515.57637	-4.0104
4515.57637	-4.05051
4502.22313	-4.09062
4497.77204	-4.13073
4515.57637	-4.17084
4497.77204	-4.21095
4506.67421	-4.25106
4506.67421	-3.93418
4502.22313	-3.9743
4511.12529	-4.01441
4511.12529	-4.05452
4502.22313	-4.09463
4502.22313	-4.13474
4506.67421	-4.17485
4497.77204	-4.21496
4497.77204	-4.08661
4497.77204	-4.04649
4497.77204	-4.00638
4502.22313	-4.07056
4502.22313	-4.03045
4506.67421	-4.07056
4506.67421	-4.03045
4524.47853	-3.56116
4515.57637	-3.60127
4515.57637	-3.64138
4511.12529	-3.68149
4511.12529	-3.7216
4515.57637	-3.76171
4533.3807	-3.80182
4555.6361	-3.84193
4542.28286	-3.88204
4560.08719	-3.92215
4533.3807	-3.96226
4520.02745	-3.88605
4511.12529	-3.92616
4506.67421	-3.96627
4520.02745	-3.91814
4511.12529	-3.84594
4537.83178	-3.81786
4520.02745	-3.77775
4520.02745	-3.73764
4524.47853	-3.69753
4520.02745	-3.65742
4515.57637	-3.61731
4520.02745	-3.5772
4533.3807	-3.82187
4511.12529	-3.78176
4511.12529	-3.74165
4524.47853	-3.70154
4524.47853	-3.66143
4528.92962	-3.62132
4551.18502	-3.64138
4542.28286	-3.68149
4542.28286	-3.7216
4551.18502	-3.76171
4533.3807	-3.78979
4528.92962	-3.74968
4528.92962	-3.70956
4528.92962	-3.66945
4528.92962	-3.82187
4555.6361	-3.65742
4560.08719	-3.69753
4546.73394	-3.73764
4564.53827	-3.77775
4555.6361	-3.81786
4551.18502	-3.85797
4555.6361	-3.89809
4546.73394	-3.9382
4551.18502	-3.9743
4555.6361	-4.00237
4560.08719	-4.04248
4560.08719	-4.08259
4564.53827	-4.12271
4551.18502	-4.16282
4564.53827	-4.20293
4564.53827	-4.24304
4564.53827	-4.28315
4560.08719	-4.32326
4560.08719	-4.36337
4555.6361	-3.70154
4555.6361	-3.74165
4555.6361	-3.78176
4546.73394	-3.82187
4537.83178	-3.86199
4528.92962	-3.9021
4528.92962	-3.94221
4551.18502	-3.77775
4560.08719	-3.81786
4555.6361	-3.85797
4564.53827	-3.89809
4568.98935	-3.9382
4595.69584	-3.97831
4582.34259	-4.01842
4573.44043	-4.05853
4577.89151	-4.09864
4577.89151	-4.13875
4582.34259	-4.17886
4542.28286	-3.91413
4573.44043	-3.95424
4551.18502	-3.99435
4564.53827	-4.03446
4564.53827	-4.07457
4560.08719	-4.11468
4555.6361	-4.15479
4560.08719	-4.1949
4560.08719	-4.23502
4560.08719	-4.27513
4560.08719	-4.31524
4555.6361	-4.35535
4591.24476	-3.67748
4582.34259	-3.71759
4582.34259	-3.7577
4582.34259	-3.79781
4586.79368	-3.83792
4595.69584	-3.87803
4573.44043	-3.90611
4568.98935	-3.94622
4568.98935	-3.98633
4560.08719	-4.02644
4555.6361	-4.06655
4555.6361	-4.10666
4555.6361	-4.14677
4577.89151	-3.92215
4582.34259	-3.96226
4560.08719	-4.00237
4564.53827	-3.69352
4560.08719	-3.73363
4568.98935	-3.77374
4560.08719	-3.81385
4568.98935	-3.85396
4577.89151	-4.03446
4591.24476	-4.07457
4591.24476	-4.11468
4586.79368	-4.15479
4622.40233	-4.04248
4622.40233	-4.00237
4617.95125	-3.96226
4626.85341	-3.92215
4613.50017	-3.88605
4591.24476	-3.89006
4577.89151	-3.92616
4586.79368	-3.96627
4586.79368	-4.00638
4582.34259	-4.04649
4586.79368	-4.08661
4586.79368	-4.12672
4591.24476	-4.16683
4591.24476	-3.91413
4595.69584	-3.95424
4591.24476	-3.99435
4595.69584	-4.03045
4586.79368	-3.92616
4595.69584	-3.91012
4595.69584	-3.89809
4604.598	-3.93418
4631.30449	-4.0104
4622.40233	-3.97028
4631.30449	-3.93017
4635.75557	-3.89006
4635.75557	-3.84995
4600.14692	-3.80984
4586.79368	-3.76973
4591.24476	-3.72962
4635.75557	-3.92215
4631.30449	-3.88204
4622.40233	-3.84193
4595.69584	-3.80182
4586.79368	-3.76171
4586.79368	-3.7216
4635.75557	-3.83391
4604.598	-3.7938
4604.598	-3.75369
4595.69584	-3.71358
4586.79368	-3.67347
4626.85341	-3.88605
4622.40233	-3.84594
4591.24476	-3.80583
4617.95125	-4.0104
4613.50017	-3.97028
4613.50017	-3.93017
4617.95125	-3.70154
4626.85341	-3.72962
4626.85341	-3.76973
4635.75557	-3.80984
4622.40233	-3.89407
4626.85341	-3.85396
4666.91314	-3.3967
4644.65774	-3.43681
4640.20665	-3.47692
4635.75557	-3.51703
4631.30449	-3.55714
4631.30449	-3.59725
4640.20665	-3.63737
4626.85341	-3.67748
4640.20665	-3.71759
4631.30449	-3.7577
4631.30449	-3.79781
4626.85341	-3.83792
4658.01098	-3.40071
4644.65774	-3.4328
4640.20665	-3.47291
4635.75557	-3.51302
4635.75557	-3.55313
4635.75557	-3.59324
4631.30449	-3.63335
4631.30449	-3.67347
4635.75557	-3.71358
4640.20665	-3.75369
4640.20665	-3.53709
4640.20665	-3.5772
4640.20665	-3.61731
4631.30449	-3.65742
4644.65774	-3.45286
4644.65774	-3.49297
4666.91314	-3.39269
4653.5599	-3.4328
4675.81531	-3.47291
4675.81531	-3.51302
4684.71747	-3.55313
4684.71747	-3.59324
4693.61963	-3.63335
4698.07072	-3.67347
4702.5218	-3.70555
4711.42396	-3.74566
4671.36423	-3.46489
4662.46206	-3.42478
4666.91314	-3.44082
4671.36423	-3.44483
4653.5599	-3.44082
4680.26639	-3.48093
4675.81531	-3.52104
4675.81531	-3.56116
4689.16855	-3.60127
4698.07072	-3.64138
4702.5218	-3.68149
4689.16855	-3.58923
4702.5218	-3.62934
4698.07072	-3.69352
4698.07072	-3.73363
4706.97288	-3.77374
4724.7772	-3.6855
4706.97288	-3.71759
4711.42396	-3.7577
4711.42396	-3.72962
4729.22829	-3.67748
4715.87504	-3.71759
4738.13045	-3.66945
4720.32612	-3.70956
4738.13045	-3.68149
4733.67937	-3.7216
4738.13045	-3.76171
4738.13045	-3.80182
4742.58153	-3.84193
4747.03261	-3.88204
4738.13045	-3.72561
4733.67937	-3.76572
4733.67937	-3.80583
4742.58153	-3.74165
4742.58153	-3.78176
4760.38586	-3.76171
4742.58153	-3.79781
4769.28802	-3.83792
4773.7391	-3.87803
4769.28802	-3.73764
4769.28802	-3.77775
4755.93478	-3.81786
4742.58153	-3.85797
4742.58153	-3.73363
4751.48369	-3.85396
4755.93478	-3.8299
4773.7391	-3.74165
4764.83694	-3.78176
4760.38586	-3.78578
4764.83694	-3.82589
4773.7391	-3.78176
4764.83694	-3.82187
4787.09235	-3.84995
4782.64126	-3.89006
4787.09235	-3.82589
4773.7391	-3.84594
4804.89667	-3.59725
4795.99451	-3.63737
4791.54343	-3.67748
4791.54343	-3.71759
4791.54343	-3.7577
4787.09235	-3.79781
4787.09235	-3.83391
4804.89667	-3.6133
4800.44559	-3.65341
4795.99451	-3.69352
4791.54343	-3.73363
4787.09235	-3.77374
4782.64126	-3.81385
4804.89667	-3.62533
4800.44559	-3.66544
4795.99451	-3.70555
4813.79884	-3.60528
4809.34775	-3.64539
4827.15208	-3.67347
4827.15208	-3.71358
4836.05424	-3.75369
4827.15208	-3.7938
4844.95641	-3.83391
4822.701	-3.60127
4813.79884	-3.64138
4818.24992	-3.64539
4813.79884	-3.66544
4827.15208	-3.69753
4822.701	-3.73764
4818.24992	-3.6855
4840.50533	-3.33252
4844.95641	-3.37263
4836.05424	-3.41275
4836.05424	-3.45286
4836.05424	-3.49297
4840.50533	-3.53308
4840.50533	-3.57319
4844.95641	-3.6133
4844.95641	-3.65341
4844.95641	-3.69352
4831.60316	-3.73363
4836.05424	-3.77374
4831.60316	-3.81385
4840.50533	-3.85396
4827.15208	-3.89407
4831.60316	-3.93418
4836.05424	-3.84995
4831.60316	-3.89006
4827.15208	-3.93017
4836.05424	-3.7938
4844.95641	-3.75369
4836.05424	-3.71358
4836.05424	-3.67347
4844.95641	-3.63335
4840.50533	-3.59324
4840.50533	-3.55313
4840.50533	-3.51302
4849.40749	-3.47291
4840.50533	-3.4328
4849.40749	-3.39269
4849.40749	-3.35258
4836.05424	-3.61731
4836.05424	-3.5772
4893.9183	-3.42879
4893.9183	-3.38868
4853.85857	-3.39269
4862.76073	-3.4328
4844.95641	-3.47291
4849.40749	-3.51302
4867.21181	-3.38467
4844.95641	-3.42077
4858.30965	-3.46088
4853.85857	-3.50099
4871.6629	-3.39269
4853.85857	-3.42077
4889.46722	-2.92741
4885.01614	-2.96752
4885.01614	-3.00763
4885.01614	-3.04774
4893.9183	-3.08785
4885.01614	-3.12796
4880.56506	-3.16807
4880.56506	-3.20818
4876.11398	-3.24829
4862.76073	-3.2884
4867.21181	-3.32851
4871.6629	-3.36461
4893.9183	-2.93543
4889.46722	-2.97554
4889.46722	-3.01565
4898.36939	-3.05576
4898.36939	-3.09587
4880.56506	-3.13598
4885.01614	-3.17609
4893.9183	-3.2162
4880.56506	-3.25631
4871.6629	-3.29642
4880.56506	-3.33654
4893.9183	-3.37665
4902.82047	-3.41676
4898.36939	-3.1079
4889.46722	-3.14801
4889.46722	-3.18813
4902.82047	-3.22824
4880.56506	-3.26835
4876.11398	-3.30846
4885.01614	-3.34857
4885.01614	-3.21219
4867.21181	-3.2523
4902.82047	-3.13598
4893.9183	-3.17609
4902.82047	-3.2162
4898.36939	-3.15203
4893.9183	-3.19214
4902.82047	-3.16807
4947.33128	-3.20818
4933.97804	-3.24027
4929.52696	-3.27637
4893.9183	-3.2884
4893.9183	-3.24829
4876.11398	-3.2884
4893.9183	-3.32851
4911.72263	-3.36862
4907.27155	-3.40873
4911.72263	-3.44885
4951.78236	-3.24428
4938.42912	-3.28038
4907.27155	-3.31247
4911.72263	-3.35258
4902.82047	-3.39269
4938.42912	-3.2523
4933.97804	-3.28038
4916.17371	-3.32049
4929.52696	-3.2884
4911.72263	-3.32049
4907.27155	-3.35659
4960.68453	-3.46088
4965.13561	-3.42077
4951.78236	-3.38066
4960.68453	-3.34055
4960.68453	-3.30044
4938.42912	-3.28439
4929.52696	-3.32049
4933.97804	-3.3606
4933.97804	-3.31247
4938.42912	-3.28439
4947.33128	-3.24027
4933.97804	-3.27236
4969.58669	-3.28439
4969.58669	-3.3245
4969.58669	-3.36461
4960.68453	-3.40472
4956.23345	-3.44483
4951.78236	-3.34857
4951.78236	-3.30846
4965.13561	-3.35258
4956.23345	-3.31247
5014.09751	-3.05175
5009.64642	-3.09186
5009.64642	-3.13197
5000.74426	-3.17208
4996.29318	-3.21219
4987.39102	-3.24829
4982.93994	-3.28038
4974.03777	-3.32049
4956.23345	-3.22021
4969.58669	-3.25631
4965.13561	-3.29642
4978.48885	-3.25631
4978.48885	-3.29642
4982.93994	-3.33654
4960.68453	-3.37665
4991.8421	-3.26835
4978.48885	-3.30445
4978.48885	-3.34456
4974.03777	-3.38467
4987.39102	-3.30445
4982.93994	-3.38066
5014.09751	-3.33654
5018.54859	-3.29642
5009.64642	-3.25631
5009.64642	-3.04774
5014.09751	-3.08785
5014.09751	-3.12796
5005.19534	-3.16807
4991.8421	-3.20417
5018.54859	-3.05175
5018.54859	-3.09186
5018.54859	-3.13197
5018.54859	-3.17208
5027.45075	-3.21219
5031.90183	-3.2523
5009.64642	-3.29241
5014.09751	-3.15604
5005.19534	-3.19615
5018.54859	-3.33252
5022.99967	-3.29241
5014.09751	-3.2523
5014.09751	-3.2162
5009.64642	-3.17609
5063.0594	-3.52506
5071.96157	-3.48494
5054.15724	-3.45687
5045.25508	-3.41676
5040.804	-3.37665
5036.35291	-3.34055
5022.99967	-3.30044
5018.54859	-3.26032
5022.99967	-3.22021
5018.54859	-3.1801
5009.64642	-3.2162
5014.09751	-3.17609
5031.90183	-3.34055
5027.45075	-3.30044
5027.45075	-3.26032
5058.60832	-3.52104
5054.15724	-3.48093
5054.15724	-3.44082
5045.25508	-3.40071
5031.90183	-3.3606
5031.90183	-3.32049
5036.35291	-3.35659
5036.35291	-3.38467
5058.60832	-3.47692
5067.51049	-3.50901
5089.76589	-3.60528
5089.76589	-3.56517
5089.76589	-3.52506
5067.51049	-3.48494
5089.76589	-3.5772
5094.21697	-3.53709
5076.41265	-3.49698
5080.86373	-3.52907
5098.66806	-3.56918
5098.66806	-3.5411
5085.31481	-3.50099
5169.88536	-2.54635
5174.33644	-2.58646
5165.43428	-2.62658
5160.9832	-2.66669
5152.08103	-2.7068
5152.08103	-2.74691
5147.62995	-2.78702
5156.53212	-2.82713
5143.17887	-2.86724
5143.17887	-2.90735
5138.72779	-2.94746
5134.27671	-2.98757
5134.27671	-3.02768
5116.47238	-3.06779
5120.92346	-3.1079
5112.0213	-3.14801
5112.0213	-3.18813
5112.0213	-3.22824
5112.0213	-3.26835
5107.57022	-3.30846
5107.57022	-3.34857
5094.21697	-3.38868
5094.21697	-3.42879
5094.21697	-3.4689
5094.21697	-3.50099
5112.0213	-3.17208
5107.57022	-3.21219
5103.11914	-3.2523
5107.57022	-3.29241
5098.66806	-3.33252
5098.66806	-3.37263
5098.66806	-3.41275
5098.66806	-3.45286
5112.0213	-3.23626
5103.11914	-3.27637
5098.66806	-3.31648
5143.17887	-2.88729
5138.72779	-2.92741
5134.27671	-2.96752
5125.37455	-3.00763
5134.27671	-3.04774
5120.92346	-3.08785
5112.0213	-3.12796
5107.57022	-3.16807
5103.11914	-3.20818
5120.92346	-3.11593
5116.47238	-3.15604
5129.82563	-3.05977
5125.37455	-3.09988
5134.27671	-3.06779
5138.72779	-2.95147
5152.08103	-2.81911
5152.08103	-2.85922
5143.17887	-2.79905
5143.17887	-2.83916
5174.33644	-2.54234
5183.23861	-2.58245
5165.43428	-2.62256
5160.9832	-2.66267
5160.9832	-2.70279
5147.62995	-2.7429
5152.08103	-2.78301
5147.62995	-2.82312
5156.53212	-2.73086
5156.53212	-2.65866
5156.53212	-2.69877
5174.33644	-2.57844
5169.88536	-2.61855
5165.43428	-2.56641
5174.33644	-2.60652
5187.68969	-2.64262
5183.23861	-2.68273
5196.59185	-2.71883
5201.04293	-2.75894
5209.9451	-2.79905
5205.49401	-2.83916
5209.9451	-2.87927
5223.29834	-2.91938
5223.29834	-2.95949
5218.84726	-2.9996
5227.74942	-3.03972
5227.74942	-3.07983
5232.2005	-3.11994
5232.2005	-3.16005
5241.10267	-3.20016
5241.10267	-3.24027
5236.65158	-3.28038
5245.55375	-3.32049
5250.00483	-3.3606
5254.45591	-3.40071
5250.00483	-3.44082
5250.00483	-3.48093
5250.00483	-3.52104
5258.90699	-3.56116
5178.78752	-2.59048
5183.23861	-2.63059
5187.68969	-2.63059
5187.68969	-2.67872
5192.14077	-2.71883
5196.59185	-2.75894
5201.04293	-2.79905
5201.04293	-2.83916
5192.14077	-2.7429
5201.04293	-2.779
5209.9451	-2.83916
5214.39618	-2.87927
5218.84726	-2.91938
5218.84726	-2.95949
5218.84726	-2.82713
5218.84726	-2.86724
5209.9451	-2.89933
5218.84726	-2.91537
5223.29834	-3.01164
5223.29834	-3.05175
5227.74942	-3.09186
5227.74942	-3.13197
5232.2005	-3.17208
5236.65158	-3.21219
5236.65158	-3.2523
5241.10267	-3.29241
5241.10267	-3.33252
5245.55375	-3.37263
5250.00483	-3.41275
5245.55375	-3.45286
5254.45591	-3.49297
5263.35807	-3.53308
5263.35807	-3.57319
5232.2005	-3.08384
5241.10267	-3.17609
5232.2005	-3.2162
5232.2005	-3.25631
5245.55375	-3.27236
5236.65158	-3.31247
5241.10267	-3.35258
5254.45591	-3.56116
5254.45591	-3.43681
5272.26024	-3.47692
5267.80916	-3.51703
5352.37971	-2.76696
5347.92862	-2.80306
5339.02646	-2.84317
5321.22213	-2.88328
5316.77105	-2.92339
5307.86889	-2.96351
5312.31997	-3.00362
5303.41781	-3.04373
5303.41781	-3.08384
5298.96673	-3.12395
5298.96673	-3.16406
5285.61348	-3.20417
5294.51565	-3.24428
5281.1624	-3.28439
5276.71132	-3.3245
5281.1624	-3.36461
5272.26024	-3.40472
5267.80916	-3.44082
5298.96673	-3.13197
5294.51565	-3.17208
5290.06456	-3.21219
5290.06456	-3.2523
5290.06456	-3.29241
5281.1624	-3.33252
5281.1624	-3.37263
5281.1624	-3.41275
5263.35807	-3.45286
5267.80916	-3.49297
5258.90699	-3.53308
5263.35807	-3.51703
5272.26024	-3.52506
5272.26024	-3.38868
5281.1624	-3.40873
5272.26024	-3.44885
5263.35807	-3.48896
5276.71132	-3.37263
5285.61348	-3.33252
5281.1624	-3.29241
5285.61348	-3.21219
5307.86889	-3.144
5290.06456	-3.18411
5325.67322	-2.89131
5321.22213	-2.93142
5307.86889	-2.97153
5307.86889	-3.01164
5298.96673	-3.05175
5303.41781	-3.09186
5294.51565	-3.13197
5307.86889	-3.04373
5307.86889	-3.08384
5307.86889	-3.12395
5312.31997	-3.06779
5321.22213	-2.91938
5316.77105	-2.91136
5356.83079	-2.78301
5339.02646	-2.82312
5339.02646	-2.86323
5334.57538	-2.86323
5352.37971	-2.81911
5343.47754	-2.85922
5347.92862	-2.81108
5370.18403	-2.81108
5379.08619	-2.84718
5392.43944	-2.87526
5405.79268	-2.91537
5414.69485	-2.95548
5414.69485	-2.99559
5419.14593	-3.0357
5432.49917	-3.07582
5441.40134	-3.11593
5445.85242	-3.15604
5445.85242	-3.19615
5450.3035	-3.23626
5454.75458	-3.27637
5468.10783	-3.30846
5468.10783	-3.34857
5477.00999	-3.38868
5374.63511	-2.8151
5387.98836	-2.8512
5365.73295	-2.8151
5383.53728	-2.84317
5401.3416	-2.88729
5405.79268	-2.92741
5396.89052	-2.89933
5410.24377	-2.95949
5414.69485	-2.9996
5419.14593	-3.03972
5428.04809	-3.07983
5436.95026	-3.11994
5441.40134	-3.16005
5445.85242	-3.20016
5459.20566	-3.24027
5405.79268	-2.94345
5410.24377	-2.98356
5428.04809	-3.04774
5432.49917	-3.08384
5432.49917	-3.13197
5436.95026	-3.17208
5450.3035	-3.19214
5459.20566	-3.28038
5463.65674	-3.32049
5468.10783	-3.3606
5463.65674	-3.27637
5539.32513	-2.90334
5525.97189	-2.94345
5517.06972	-2.97153
5503.71648	-3.00763
5508.16756	-3.04774
5508.16756	-3.08785
5503.71648	-3.12796
5494.81432	-3.16807
5490.36323	-3.20818
5485.91215	-3.24829
5481.46107	-3.2884
5481.46107	-3.3245
5463.65674	-3.36461
5508.16756	-3.0357
5499.2654	-3.07582
5499.2654	-3.11593
5490.36323	-3.15604
5490.36323	-3.19615
5490.36323	-3.23626
5481.46107	-3.27637
5481.46107	-3.31648
5477.00999	-3.35659
5477.00999	-3.32851
5490.36323	-3.2884
5485.91215	-3.21219
5494.81432	-3.23225
5494.81432	-3.16005
5494.81432	-3.10389
5508.16756	-3.06378
5508.16756	-3.00763
5508.16756	-3.04774
5530.42297	-2.94746
5512.61864	-2.98356
5539.32513	-2.93543
5521.5208	-2.97554
5534.87405	-2.93543
5543.77621	-2.97554
5548.22729	-3.01565
5539.32513	-3.05576
5548.22729	-3.09587
5552.67838	-3.13598
5561.58054	-3.17609
5561.58054	-3.2162
5557.12946	-3.25631
5566.03162	-3.29642
5570.4827	-3.33654
5561.58054	-3.37665
5570.4827	-3.41676
5548.22729	-2.94345
5539.32513	-2.98356
5539.32513	-3.02367
5548.22729	-3.06378
5548.22729	-3.10389
5548.22729	-3.144
5557.12946	-3.18411
5557.12946	-3.22422
5561.58054	-3.26434
5561.58054	-3.30445
5561.58054	-3.34456
5566.03162	-3.38467
5574.93378	-3.42478
5548.22729	-2.93142
5548.22729	-2.97153
5543.77621	-3.01164
5548.22729	-3.05175
5552.67838	-3.15203
5552.67838	-3.2523
5566.03162	-3.26434
5557.12946	-3.30445
5566.03162	-3.34456
5570.4827	-3.38467
5579.38487	-3.42478
5574.93378	-3.37263
5628.34676	-3.2884
5619.4446	-3.3245
5606.09135	-3.35258
5588.28703	-3.38868
5632.79784	-3.28439
5628.34676	-3.3245
5610.54244	-3.35659
5592.73811	-3.39269
5597.18919	-3.38868
5606.09135	-3.35659
5619.4446	-3.33252
5619.4446	-3.31648
5632.79784	-3.3245
5641.70001	-3.36461
5650.60217	-3.40472
5655.05325	-3.44483
5650.60217	-3.48494
5659.50433	-3.51703
5637.24893	-3.29642
5637.24893	-3.32851
5641.70001	-3.36862
5646.15109	-3.39269
5646.15109	-3.4328
5655.05325	-3.47291
5641.70001	-3.41275
5655.05325	-3.4328
5659.50433	-3.50099
5690.6619	-3.47291
5672.85758	-3.50099
5695.11299	-3.47692
5668.4065	-3.50901
5690.6619	-3.48494
5704.01515	-3.52104
5704.01515	-3.56116
5704.01515	-3.60127
5708.46623	-3.64138
5721.81948	-3.68149
5726.27056	-3.7216
5721.81948	-3.76171
5730.72164	-3.80182
5735.17272	-3.84193
5735.17272	-3.88204
5735.17272	-3.92215
5744.07488	-3.96226
5699.56407	-3.59725
5695.11299	-3.55714
5690.6619	-3.51703
5695.11299	-3.52907
5704.01515	-3.55714
5704.01515	-3.51302
5708.46623	-3.61731
5717.36839	-3.65742
5721.81948	-3.69753
5721.81948	-3.73764
5730.72164	-3.77775
5726.27056	-3.81786
5735.17272	-3.85797
5735.17272	-3.89809
5744.07488	-3.9382
5748.52596	-3.97831
5712.91731	-3.66945
5721.81948	-3.68951
5730.72164	-3.76572
5735.17272	-3.89809
5837.5476	-3.22422
5828.64543	-3.26434
5819.74327	-3.29642
5815.29219	-3.33654
5810.84111	-3.37665
5801.93894	-3.41676
5793.03678	-3.45687
5797.48786	-3.49698
5784.13462	-3.53709
5784.13462	-3.5772
5784.13462	-3.61731
5779.68354	-3.65742
5770.78137	-3.69753
5775.23245	-3.73764
5761.87921	-3.77775
5761.87921	-3.81786
5757.42813	-3.85797
5744.07488	-3.89809
5748.52596	-3.9382
5735.17272	-3.97028
5810.84111	-3.33654
5806.39003	-3.37665
5797.48786	-3.41676
5797.48786	-3.45687
5793.03678	-3.49698
5779.68354	-3.53709
5779.68354	-3.5772
5779.68354	-3.61731
5775.23245	-3.65742
5775.23245	-3.69753
5770.78137	-3.73764
5766.33029	-3.77775
5757.42813	-3.81786
5752.97705	-3.85797
5748.52596	-3.89809
5752.97705	-3.9382
5757.42813	-3.91012
5770.78137	-3.77775
5766.33029	-3.81786
5761.87921	-3.85797
5761.87921	-3.70555
5761.87921	-3.74566
5801.93894	-3.47692
5793.03678	-3.51703
5793.03678	-3.55714
5779.68354	-3.59725
5770.78137	-3.63737
5775.23245	-3.57319
5784.13462	-3.58923
5788.5857	-3.54912
5793.03678	-3.58923
5806.39003	-3.33654
5801.93894	-3.37665
5819.74327	-3.32049
5833.09651	-3.22422
5819.74327	-3.26032
5815.29219	-3.30044
5828.64543	-3.2523
5833.09651	-3.24027
5846.44976	-3.27236
5846.44976	-3.31247
5859.803	-3.35258
5859.803	-3.39269
5864.25409	-3.4328
5868.70517	-3.47291
5877.60733	-3.51302
5873.15625	-3.55313
5886.50949	-3.59324
5886.50949	-3.63335
5899.86274	-3.66143
5922.11815	-3.6855
5926.56923	-3.72561
5922.11815	-3.76572
5926.56923	-3.80583
5931.02031	-3.84594
5939.92247	-3.88605
5939.92247	-3.92616
5944.37355	-3.96627
5944.37355	-4.00638
5948.82464	-4.04649
5948.82464	-4.08661
5966.62896	-4.11468
5837.5476	-3.24428
5837.5476	-3.23626
5850.90084	-3.30445
5850.90084	-3.34456
5855.35192	-3.38467
5859.803	-3.42478
5868.70517	-3.46489
5873.15625	-3.505
5877.60733	-3.54511
5882.05841	-3.58522
5886.50949	-3.62533
5846.44976	-3.34055
5868.70517	-3.44082
5864.25409	-3.47692
5873.15625	-3.51703
5877.60733	-3.56918
5877.60733	-3.60929
5890.96058	-3.63737
5944.37355	-4.05853
5944.37355	-4.01842
5939.92247	-3.97831
5939.92247	-3.9382
5935.47139	-3.89809
5935.47139	-3.85797
5926.56923	-3.81786
5926.56923	-3.77775
5922.11815	-3.73764
5913.21598	-3.69753
5895.41166	-3.66945
5913.21598	-3.68951
5917.66706	-3.70956
5931.02031	-3.76572
5926.56923	-3.83391
5939.92247	-3.92215
5948.82464	-4.00638
5953.27572	-4.09864
5975.53112	-4.11468
5971.08004	-4.11869
6042.29735	-3.70956
6037.84627	-3.74566
6033.39519	-3.78578
6020.04194	-3.82589
6015.59086	-3.866
6006.6887	-3.90611
6006.6887	-3.94622
6002.23761	-3.98633
5993.33545	-4.02644
5979.98221	-4.06655
5975.53112	-4.10666
5988.88437	-4.03045
5988.88437	-4.07056
5993.33545	-4.05853
5984.43329	-4.09864
5984.43329	-4.13875
6042.29735	-3.70154
6033.39519	-3.74165
6028.9441	-3.78176
6015.59086	-3.82187
6015.59086	-3.86199
6006.6887	-3.9021
5997.78653	-3.94221
5997.78653	-3.98232
5993.33545	-4.02243
6002.23761	-3.92215
5993.33545	-3.96226
6011.13978	-3.93418
6011.13978	-3.87803
6028.9441	-3.80984
6037.84627	-3.74968
6024.49302	-3.78979
6033.39519	-3.76572
6042.29735	-3.74165
6055.65059	-3.71358
6077.906	-3.73764
6100.16141	-3.77775
6051.19951	-3.70555
6077.906	-3.72962
6069.00384	-3.72962
6091.25925	-3.76973
6082.35708	-3.7577
6104.61249	-3.78578
6113.51465	-3.79781
6166.92763	-3.81786
6158.02547	-3.78578
6117.96573	-3.79781
6149.12331	-3.78979
6126.8679	-3.7938
6126.8679	-3.78578
6158.02547	-3.79781
6300.46008	-3.42077
6296.009	-3.46088
6282.65575	-3.48896
6269.30251	-3.52506
6269.30251	-3.56517
6264.85143	-3.60528
6260.40035	-3.64539
6264.85143	-3.6855
6255.94926	-3.72561
6242.59602	-3.76171
6220.34061	-3.78578
6202.53628	-3.80984
6171.37871	-3.82187
6175.8298	-3.8299
6193.63412	-3.82187
6189.18304	-3.8299
6211.43845	-3.81385
6224.79169	-3.78578
6242.59602	-3.74968
6229.24277	-3.77775
6273.75359	-3.48093
6278.20467	-3.51703
6273.75359	-3.55714
6269.30251	-3.59725
6260.40035	-3.63737
6264.85143	-3.67748
6255.94926	-3.71759
6322.71549	-3.34055
6327.16657	-3.38066
6309.36224	-3.41676
6304.91116	-3.45687
6296.009	-3.48896
6300.46008	-3.52104
6278.20467	-3.56116
6282.65575	-3.60127
6269.30251	-3.64138
6322.71549	-3.45687
6304.91116	-3.49698
6304.91116	-3.53709
6282.65575	-3.5772
6269.30251	-3.61731
6282.65575	-3.65341
6282.65575	-3.69352
6264.85143	-3.53308
6278.20467	-3.56517
6344.97089	-3.3967
6318.26441	-3.41676
6327.16657	-3.45687
6309.36224	-3.49698
6309.36224	-3.53709
6287.10683	-3.57319
6287.10683	-3.6133
6287.10683	-3.65341
6296.009	-3.69352
6287.10683	-3.59725
6296.009	-3.63737
6296.009	-3.58121
6296.009	-3.55714
6318.26441	-3.44082
6304.91116	-3.48093
6313.81332	-3.47692
6304.91116	-3.51703
6318.26441	-3.52506
6309.36224	-3.56517
6313.81332	-3.60528
6313.81332	-3.52506
6304.91116	-3.56517
6318.26441	-3.60127
6318.26441	-3.56116
6318.26441	-3.56918
6318.26441	-3.54912
6376.12847	-3.52907
6362.77522	-3.48896
6367.2263	-3.44885
6358.32414	-3.41676
6331.61765	-3.40071
6336.06873	-3.38467
6331.61765	-3.34456
6340.51981	-3.30445
6331.61765	-3.38066
6336.06873	-3.34055
6336.06873	-3.30044
6353.87306	-3.42478
6344.97089	-3.38868
6349.42198	-3.35258
6331.61765	-3.31648
6367.2263	-3.40071
6353.87306	-3.3606
6349.42198	-3.38868
6362.77522	-3.34857
6367.2263	-3.3967
6367.2263	-3.35659
6362.77522	-3.42478
6376.12847	-3.49698
6371.67738	-3.45687
6367.2263	-3.34456
6385.03063	-3.52104
6371.67738	-3.48093
6385.03063	-3.44483
6393.93279	-3.40472
6393.93279	-3.36461
6389.48171	-3.3245
6393.93279	-3.28439
6393.93279	-3.24428
6411.73712	-3.20417
6407.28604	-3.16406
6389.48171	-3.49297
6389.48171	-3.42077
6393.93279	-3.46088
6389.48171	-3.3606
6398.38387	-3.32049
6398.38387	-3.28038
6398.38387	-3.24027
6393.93279	-3.20016
6398.38387	-3.38467
6398.38387	-3.34456
6402.83496	-3.30846
6402.83496	-3.26835
6402.83496	-3.22824
6411.73712	-3.18813
6451.79685	-3.81786
6442.89469	-3.77775
6442.89469	-3.73764
6442.89469	-3.69753
6433.99253	-3.65742
6433.99253	-3.61731
6442.89469	-3.5772
6438.44361	-3.53709
6429.54144	-3.49698
6433.99253	-3.45687
6433.99253	-3.41676
6420.63928	-3.37665
6420.63928	-3.33654
6433.99253	-3.29642
6407.28604	-3.25631
6411.73712	-3.2162
6451.79685	-3.79781
6447.34577	-3.7577
6447.34577	-3.71759
6442.89469	-3.67748
6438.44361	-3.63737
6438.44361	-3.59725
6438.44361	-3.55714
6433.99253	-3.51703
6429.54144	-3.47692
6429.54144	-3.43681
6429.54144	-3.3967
6433.99253	-3.35659
6429.54144	-3.31648
6433.99253	-3.27637
6411.73712	-3.23626
6425.09036	-3.31648
6429.54144	-3.27637
6416.1882	-3.23626
6420.63928	-3.30044
6411.73712	-3.26032
6416.1882	-3.28439
6429.54144	-3.38066
6429.54144	-3.34055
6433.99253	-3.63335
6442.89469	-3.62934
6460.69902	-3.78578
6447.34577	-3.74566
6442.89469	-3.70555
6456.24793	-3.79781
6456.24793	-3.7577
6465.1501	-3.71759
6478.50334	-3.68149
6474.05226	-3.64138
6487.40551	-3.60127
6487.40551	-3.56116
6487.40551	-3.52104
6487.40551	-3.48093
6487.40551	-3.44082
6487.40551	-3.40071
6491.85659	-3.3606
6491.85659	-3.32049
6491.85659	-3.28038
6491.85659	-3.24027
6491.85659	-3.20016
6491.85659	-3.16005
6496.30767	-3.11994
6456.24793	-3.74165
6478.50334	-3.70555
6465.1501	-3.76171
6469.60118	-3.7216
6469.60118	-3.77374
6469.60118	-3.73363
6478.50334	-3.76973
6474.05226	-3.71759
6482.95442	-3.66544
6482.95442	-3.62533
6482.95442	-3.58522
6482.95442	-3.54511
6487.40551	-3.505
6491.85659	-3.46489
6491.85659	-3.42478
6496.30767	-3.38467
6496.30767	-3.34456
6496.30767	-3.30445
6496.30767	-3.26434
6496.30767	-3.22422
6496.30767	-3.18411
6500.75875	-3.144
6545.26957	-4.57997
6540.81848	-4.53986
6536.3674	-4.49975
6545.26957	-4.45964
6549.72065	-4.41952
6549.72065	-4.37941
6549.72065	-4.3393
6549.72065	-4.29919
6545.26957	-4.25908
6540.81848	-4.21897
6549.72065	-4.17886
6527.46524	-4.13875
6523.01416	-4.09864
6531.91632	-4.05853
6531.91632	-4.01842
6531.91632	-3.97831
6523.01416	-3.94221
6527.46524	-3.9021
6509.66091	-3.86199
6523.01416	-3.82187
6509.66091	-3.78176
6500.75875	-3.74165
6514.11199	-3.70154
6505.20983	-3.67347
6505.20983	-3.63335
6505.20983	-3.59324
6491.85659	-3.55313
6531.91632	-3.96226
6527.46524	-3.92215
6527.46524	-3.88204
6500.75875	-3.84193
6505.20983	-3.80182
6505.20983	-3.76171
6518.56308	-3.7216
6505.20983	-3.68951
6505.20983	-3.6494
6500.75875	-3.60929
6500.75875	-3.56918
6500.75875	-3.52907
6491.85659	-3.48896
6496.30767	-3.44885
6500.75875	-3.40873
6500.75875	-3.36862
6500.75875	-3.32851
6500.75875	-3.2884
6500.75875	-3.24829
6500.75875	-3.20818
6500.75875	-3.16807
6505.20983	-3.12796
6500.75875	-3.53308
6505.20983	-3.49297
6500.75875	-3.45286
6496.30767	-3.41275
6500.75875	-3.50099
6505.20983	-3.46088
6505.20983	-3.42077
6505.20983	-3.53308
6531.91632	-3.87803
6509.66091	-3.83792
6509.66091	-3.79781
6509.66091	-3.7577
6523.01416	-3.71759
6527.46524	-3.85396
6527.46524	-3.81385
6514.11199	-3.77374
6518.56308	-3.73363
6531.91632	-3.85797
6531.91632	-3.81786
6518.56308	-3.77775
6514.11199	-3.73764
6540.81848	-4.592
6545.26957	-4.55189
6540.81848	-4.51178
6545.26957	-4.47167
6549.72065	-4.43156
6545.26957	-4.39145
6545.26957	-4.35134
6545.26957	-4.31123
6545.26957	-4.27112
6531.91632	-4.231
6545.26957	-4.19089
6545.26957	-4.15078
6531.91632	-4.11067
6554.17173	-4.07056
6540.81848	-4.03045
6554.17173	-3.99034
6545.26957	-3.95023
6545.26957	-3.91012
6549.72065	-3.87001
6558.62281	-3.8299
6558.62281	-3.78979
6558.62281	-3.74968
6554.17173	-3.70956
6563.07389	-3.66945
6567.52497	-3.62934
6567.52497	-3.58923
6567.52497	-3.54912
6567.52497	-3.50901
6567.52497	-3.4689
6571.97605	-3.42879
6576.42714	-3.38868
6563.07389	-3.34857
6563.07389	-3.30846
6576.42714	-3.26835
6576.42714	-3.22824
6567.52497	-3.18813
6576.42714	-3.14801
6580.87822	-3.1079
6589.78038	-3.06779
6531.91632	-4.12271
6536.3674	-4.08259
6545.26957	-4.04248
6554.17173	-4.00237
6549.72065	-3.96226
6549.72065	-3.92215
6549.72065	-3.88204
6554.17173	-3.84193
6554.17173	-3.80182
6554.17173	-3.76171
6554.17173	-3.7216
6558.62281	-3.68149
6558.62281	-3.64138
6563.07389	-3.60127
6563.07389	-3.56116
6563.07389	-3.52104
6563.07389	-3.48093
6567.52497	-3.44082
6571.97605	-3.40071
6563.07389	-3.3606
6567.52497	-3.32049
6571.97605	-3.28038
6571.97605	-3.24027
6571.97605	-3.20016
6571.97605	-3.16005
6567.52497	-3.11994
6540.81848	-4.43958
6540.81848	-4.39947
6540.81848	-4.35936
6540.81848	-4.31925
6536.3674	-4.27914
6531.91632	-3.76973
6527.46524	-4.46365
6536.3674	-4.42354
6536.3674	-4.38343
6536.3674	-4.34331
6540.81848	-4.3032
6540.81848	-4.26309
6540.81848	-4.22699
6549.72065	-3.78578
6554.17173	-3.82589
6554.17173	-3.866
6558.62281	-3.90611
6558.62281	-3.94622
6558.62281	-3.98633
6558.62281	-4.02644
6558.62281	-4.06655
6554.17173	-4.10666
6549.72065	-4.14677
6531.91632	-3.99836
6523.01416	-4.03847
6531.91632	-4.07858
6545.26957	-4.11869
6563.07389	-3.45286
6563.07389	-3.41275
6567.52497	-3.37263
6571.97605	-3.33252
6567.52497	-3.29241
6567.52497	-3.2523
6567.52497	-3.21219
6580.87822	-3.3245
6571.97605	-3.36461
6576.42714	-3.18411
6576.42714	-3.144
6576.42714	-3.10389
6598.68254	-3.06378
6580.87822	-3.11191
6598.68254	-3.0718
6603.13363	-3.09587
6603.13363	-3.13598
6598.68254	-3.17609
6603.13363	-3.2162
6594.23146	-3.25631
6594.23146	-3.29642
6620.93795	-3.42077
6607.58471	-3.38066
6603.13363	-3.34055
6603.13363	-3.30846
6603.13363	-3.27236
6598.68254	-3.23225
6594.23146	-3.19214
6589.78038	-3.15604
6589.78038	-3.08785
6598.68254	-3.09186
6598.68254	-3.13197
6603.13363	-3.17208
6598.68254	-3.26434
6603.13363	-3.22422
6616.48687	-3.42879
6607.58471	-3.38868
6620.93795	-3.34857
6625.38903	-3.30846
6625.38903	-3.26835
6616.48687	-3.3967
6620.93795	-3.35659
6638.74228	-3.31648
6616.48687	-3.39269
6616.48687	-3.35258
6594.23146	-3.31648
6638.74228	-3.34857
6620.93795	-3.38868
6652.09552	-3.87001
6647.64444	-3.8299
6647.64444	-3.78979
6647.64444	-3.74968
6656.5466	-3.70956
6647.64444	-3.66945
6652.09552	-3.62934
6647.64444	-3.58923
6643.19336	-3.54912
6647.64444	-3.50901
6638.74228	-3.4689
6647.64444	-3.42879
6643.19336	-3.38868
6629.84012	-3.34857
6634.2912	-3.30846
6629.84012	-3.26835
6629.84012	-3.31247
6652.09552	-3.57319
6643.19336	-3.53308
6643.19336	-3.49297
6643.19336	-3.45286
6643.19336	-3.41275
6647.64444	-3.37263
6643.19336	-3.33252
6638.74228	-3.52104
6638.74228	-3.48093
6643.19336	-3.44082
6643.19336	-3.40071
6643.19336	-3.3606
6674.35093	-3.56517
6660.99769	-3.60528
6656.5466	-3.64539
6647.64444	-3.6855
6647.64444	-3.72561
6652.09552	-3.76572
6652.09552	-3.80583
6652.09552	-3.84594
6652.09552	-3.88605
6656.5466	-3.78176
6665.44877	-3.74566
6656.5466	-3.70555
6660.99769	-3.66544
6678.80201	-3.62533
6665.44877	-3.58522
6736.66607	-4.26309
6745.56824	-4.22298
6732.21499	-4.18287
6745.56824	-4.14276
6745.56824	-4.10265
6727.76391	-4.06254
6727.76391	-4.02243
6718.86175	-3.98232
6727.76391	-3.94221
6727.76391	-3.9021
6714.41066	-3.86199
6696.60634	-3.82187
6701.05742	-3.78176
6692.15526	-3.74165
6701.05742	-3.70154
6665.44877	-3.66143
6665.44877	-3.62132
6669.89985	-3.58121
6709.95958	-3.87402
6701.05742	-3.83391
6709.95958	-3.7938
6692.15526	-3.75369
6692.15526	-3.71358
6678.80201	-3.67347
6669.89985	-3.63335
6678.80201	-3.59324
6687.70418	-3.77374
6687.70418	-3.73363
6683.25309	-3.69352
6683.25309	-3.68951
6687.70418	-3.76973
6678.80201	-3.72962
6701.05742	-3.76973
6701.05742	-3.72962
6727.76391	-4.17084
6741.11715	-4.13073
6741.11715	-4.09062
6732.21499	-4.05051
6745.56824	-4.0104
6723.31283	-3.97028
6727.76391	-3.93017
6718.86175	-3.89006
6714.41066	-3.84995
6709.95958	-3.80984
6723.31283	-3.86199
6705.5085	-3.82187
6723.31283	-3.87402
6718.86175	-3.95023
6732.21499	-4.03045
6727.76391	-3.99034
6736.66607	-3.95023
6736.66607	-4.13073
6736.66607	-4.09062
6745.56824	-4.05051
6741.11715	-4.0104
6732.21499	-3.97028
6732.21499	-3.84193
6736.66607	-4.11869
6732.21499	-4.07858
6736.66607	-4.04248
6754.4704	-3.81385
6754.4704	-3.85396
6745.56824	-3.89407
6745.56824	-3.93418
6745.56824	-3.9743
6736.66607	-4.01441
6776.72581	-3.70956
6776.72581	-3.74968
6781.17689	-3.78979
6754.4704	-3.8299
6754.4704	-3.87001
6781.17689	-3.70956
6781.17689	-3.74968
6763.37256	-3.78979
6763.37256	-3.82187
6772.27473	-3.76572
6763.37256	-3.80182
6772.27473	-3.78578
6781.17689	-3.76171
6781.17689	-3.80182
6785.62797	-3.83391
6785.62797	-3.76973
6767.82364	-3.80984
6794.53013	-3.84995
6798.98121	-3.89006
6798.98121	-3.93017
6798.98121	-3.97028
6798.98121	-4.0104
6798.98121	-4.05051
6798.98121	-4.09062
6798.98121	-4.13073
6798.98121	-4.17084
6803.4323	-4.18287
6803.4323	-4.14276
6803.4323	-4.10265
6803.4323	-4.06254
6803.4323	-4.02243
6803.4323	-3.98232
6803.4323	-3.94221
6803.4323	-3.9021
6798.98121	-3.86199
6794.53013	-3.82187
6803.4323	-3.78176
6803.4323	-3.9743
6830.13879	-3.38066
6843.49203	-3.34055
6843.49203	-3.30044
6852.39419	-3.26032
6839.04095	-3.22021
6807.88338	-3.1801
6816.78554	-3.13999
6830.13879	-3.09988
6821.23662	-3.05977
6821.23662	-3.01966
6821.23662	-2.97955
6821.23662	-2.93944
6821.23662	-2.89933
6821.23662	-2.85922
6821.23662	-2.81911
6821.23662	-2.779
6807.88338	-2.73889
6807.88338	-2.69877
6807.88338	-2.65866
6807.88338	-2.61855
6816.78554	-2.57844
6816.78554	-2.53833
6807.88338	-3.46088
6807.88338	-3.50099
6807.88338	-3.5411
6807.88338	-3.58121
6807.88338	-3.62132
6812.33446	-3.39269
6843.49203	-3.35258
6847.94311	-3.31247
6856.84528	-3.27236
6861.29636	-3.23225
6834.58987	-3.19214
6812.33446	-3.15203
6807.88338	-3.11191
6807.88338	-3.0718
6816.78554	-3.03169
6816.78554	-2.99158
6812.33446	-2.95147
6812.33446	-2.91136
6812.33446	-2.87125
6812.33446	-2.83114
6816.78554	-2.79103
6812.33446	-2.75092
6812.33446	-2.71081
6812.33446	-2.6707
6812.33446	-2.63059
6812.33446	-2.59048
6812.33446	-2.55036
6919.16042	-4.27914
6919.16042	-4.23903
6919.16042	-4.19892
6914.70934	-4.15881
6905.80717	-4.12672
6901.35609	-4.08661
6901.35609	-4.04649
6919.16042	-4.00638
6919.16042	-3.96627
6896.90501	-3.92616
6905.80717	-3.88605
6919.16042	-3.84594
6919.16042	-3.80583
6919.16042	-3.76572
6896.90501	-3.72561
6892.45393	-3.6855
6905.80717	-3.64539
6905.80717	-3.60528
6896.90501	-3.56517
6892.45393	-3.52506
6905.80717	-3.48494
6905.80717	-3.44483
6892.45393	-3.40472
6888.00285	-3.36862
6861.29636	-3.32851
6852.39419	-3.29642
6861.29636	-3.25631
6865.74744	-3.2162
6821.23662	-3.17609
6812.33446	-3.13598
6821.23662	-3.09587
6812.33446	-3.05576
6812.33446	-3.01565
6816.78554	-2.97554
6816.78554	-2.93543
6816.78554	-2.89532
6816.78554	-2.85521
6816.78554	-2.8151
6812.33446	-2.77498
6874.6496	-3.0718
6861.29636	-3.11191
6879.10068	-3.15203
6847.94311	-3.19214
6883.55176	-3.23225
6870.19852	-3.27236
6879.10068	-3.30445
6861.29636	-3.34055
6861.29636	-3.37665
6847.94311	-3.40472
6839.04095	-3.44483
6825.6877	-3.48494
6825.6877	-3.52506
6825.6877	-3.56517
6830.13879	-3.60528
6821.23662	-3.17208
6812.33446	-3.13197
6821.23662	-3.09186
6816.78554	-3.05175
6807.88338	-3.3967
6830.13879	-3.35659
6825.6877	-3.31648
6825.6877	-3.27637
6825.6877	-3.23626
6830.13879	-3.19615
6861.29636	-3.84995
6861.29636	-3.80984
6856.84528	-3.76973
6839.04095	-3.72962
6847.94311	-3.68951
6865.74744	-3.6494
6865.74744	-3.60929
6865.74744	-3.56918
6847.94311	-3.52907
6834.58987	-3.48896
6830.13879	-3.44885
6852.39419	-3.40873
6865.74744	-3.38066
6865.74744	-3.34456
6874.6496	-3.30846
6879.10068	-3.27637
6879.10068	-3.23626
6883.55176	-3.19615
6883.55176	-3.15604
6865.74744	-3.11593
6879.10068	-3.07582
6839.04095	-3.37665
6843.49203	-3.41676
6834.58987	-3.45687
6830.13879	-3.49698
6830.13879	-3.53709
6834.58987	-3.5772
6861.29636	-3.61731
6830.13879	-3.65742
6830.13879	-3.69753
6839.04095	-3.73764
6839.04095	-3.77775
6834.58987	-3.81385
6839.04095	-3.7938
6834.58987	-3.75369
6830.13879	-3.71358
6861.29636	-3.67347
6861.29636	-3.63335
6861.29636	-3.59324
6861.29636	-3.55313
6839.04095	-3.51302
6839.04095	-3.47291
6839.04095	-3.4328
6821.23662	-3.40873
6839.04095	-3.6855
6839.04095	-3.64539
6852.39419	-3.60528
6856.84528	-3.56517
6861.29636	-3.52506
6843.49203	-3.48494
6847.94311	-3.44483
6856.84528	-3.40472
6839.04095	-3.07983
6847.94311	-3.61731
6852.39419	-3.5772
6852.39419	-3.53709
6861.29636	-3.49698
6847.94311	-3.45687
6861.29636	-3.41676
6847.94311	-3.07582
6865.74744	-3.48494
6870.19852	-3.44483
6865.74744	-3.42478
6852.39419	-3.46489
6856.84528	-3.505
6843.49203	-3.54511
6847.94311	-3.58522
6839.04095	-3.62533
6861.29636	-3.46088
6852.39419	-3.49698
6839.04095	-3.53709
6839.04095	-3.5772
6856.84528	-3.85797
6856.84528	-3.81786
6856.84528	-3.77775
6883.55176	-3.28038
6874.6496	-3.24027
6896.90501	-3.69352
6905.80717	-3.65341
6901.35609	-3.6133
6892.45393	-3.57319
6896.90501	-3.53308
6883.55176	-3.49297
6879.10068	-3.44885
6879.10068	-3.40873
6879.10068	-3.19214
6874.6496	-3.15203
6865.74744	-3.11191
6870.19852	-3.0718
6879.10068	-3.26032
6892.45393	-4.20293
6896.90501	-4.16282
6896.90501	-4.12271
6896.90501	-4.08259
6896.90501	-4.04248
6914.70934	-4.00237
6914.70934	-3.96226
6892.45393	-3.92215
6905.80717	-3.88204
6914.70934	-3.84193
6888.00285	-3.80182
6888.00285	-3.76171
6901.35609	-3.88204
6910.25825	-3.84193
6914.70934	-3.80182
6914.70934	-3.76171
6914.70934	-3.7216
6901.35609	-3.68149
6910.25825	-3.64138
6910.25825	-3.60127
6901.35609	-3.56116
6892.45393	-3.52104
6888.00285	-3.48093
6892.45393	-3.44082
6883.55176	-3.40472
6879.10068	-3.36461
6883.55176	-3.3245
6865.74744	-3.30044
6896.90501	-3.88204
6905.80717	-3.84193
6896.90501	-3.80182
6892.45393	-3.76171
6905.80717	-3.7216
6910.25825	-3.68149
6941.41582	-3.64138
6945.86691	-3.60127
6932.51366	-3.56517
6936.96474	-3.52907
6936.96474	-3.48896
6936.96474	-3.44885
6936.96474	-3.40873
6919.16042	-3.36862
6932.51366	-3.32851
6932.51366	-3.2884
6923.6115	-3.24829
6919.16042	-3.20818
6919.16042	-3.16807
6919.16042	-3.12796
6923.6115	-3.08785
6928.06258	-3.04774
6928.06258	-3.00763
6928.06258	-2.96752
6928.06258	-2.92741
6928.06258	-2.88729
6901.35609	-3.85797
6901.35609	-3.81786
6896.90501	-3.77775
6901.35609	-3.73764
6914.70934	-3.69753
6892.45393	-3.87803
6896.90501	-3.83792
6910.25825	-3.79781
6901.35609	-3.7577
6896.90501	-3.29241
6896.90501	-3.33252
6892.45393	-3.37263
6892.45393	-3.866
6892.45393	-3.82589
6905.80717	-3.78578
6888.00285	-3.87402
6888.00285	-3.83391
6901.35609	-3.7938
6999.27989	-3.49297
6994.8288	-3.53308
6985.92664	-3.57319
6990.37772	-3.6133
6985.92664	-3.6494
6972.5734	-3.68149
6941.41582	-3.68149
6919.16042	-3.65742
6914.70934	-3.61731
6905.80717	-3.5772
6919.16042	-3.53709
6932.51366	-3.49698
6928.06258	-3.45687
6932.51366	-3.41676
6928.06258	-3.37665
6919.16042	-3.33654
6910.25825	-3.29642
6941.41582	-3.66945
6936.96474	-3.64138
6919.16042	-3.60127
6919.16042	-3.56116
6928.06258	-3.52104
6928.06258	-3.48093
6932.51366	-3.44082
6923.6115	-3.40071
6928.06258	-3.3606
6932.51366	-3.32049
6919.16042	-3.28038
6923.6115	-3.24027
6923.6115	-3.20016
6923.6115	-3.16005
6923.6115	-3.11994
6932.51366	-3.07983
6932.51366	-3.03972
6932.51366	-2.9996
6932.51366	-2.95949
6932.51366	-2.91938
6923.6115	-3.35659
6919.16042	-3.31648
6923.6115	-3.27637
6928.06258	-3.23626
6928.06258	-3.19615
6928.06258	-3.15604
6928.06258	-3.11593
6928.06258	-3.28439
6932.51366	-3.24428
6932.51366	-3.20417
6932.51366	-3.16406
6932.51366	-3.12395
6936.96474	-3.5411
7025.98637	-4.13875
7025.98637	-4.09864
7025.98637	-4.05853
7025.98637	-4.01842
6999.27989	-3.97831
7012.63313	-3.9382
7003.73097	-3.90611
6990.37772	-3.866
6959.22015	-3.82589
6945.86691	-3.78578
6954.76907	-3.74566
6977.02448	-3.70555
7008.18205	-3.66544
6999.27989	-3.62533
6990.37772	-3.58522
6994.8288	-3.54511
6994.8288	-3.505
7021.53529	-4.14276
7021.53529	-4.10265
7021.53529	-4.06254
7021.53529	-4.02243
7021.53529	-3.98232
7003.73097	-3.94221
7003.73097	-3.9021
6972.5734	-3.86199
6950.31799	-3.82187
6954.76907	-3.78176
6968.12231	-3.74165
6981.47556	-3.70154
7008.18205	-3.66143
6999.27989	-3.62132
6999.27989	-3.58121
7003.73097	-3.5411
7003.73097	-3.50099
6968.12231	-4.35134
6972.5734	-4.31123
6972.5734	-4.27112
6972.5734	-4.231
6963.67123	-4.19089
6959.22015	-4.15078
6977.02448	-4.11067
6981.47556	-4.07056
6981.47556	-4.03045
6981.47556	-3.99034
6950.31799	-3.95023
6959.22015	-3.91012
6954.76907	-3.87001
6959.22015	-3.8299
6963.67123	-3.78979
6963.67123	-3.74968
6972.5734	-3.70956
6999.27989	-3.66945
6999.27989	-3.62934
6950.31799	-3.6494
6972.5734	-4.3754
6968.12231	-4.33529
6968.12231	-4.29518
6968.12231	-4.25507
6968.12231	-4.21496
6972.5734	-4.17485
6959.22015	-4.13474
6959.22015	-4.09463
6950.31799	-4.05452
6959.22015	-4.01441
6959.22015	-3.9743
6959.22015	-3.93418
6954.76907	-3.89407
6972.5734	-3.85396
6977.02448	-3.81385
6968.12231	-3.77374
6981.47556	-3.73363
6999.27989	-3.69352
6963.67123	-4.09864
6977.02448	-4.05853
6977.02448	-4.01842
6963.67123	-3.97831
6959.22015	-3.9382
6963.67123	-4.38343
6963.67123	-4.34331
6963.67123	-4.3032
6963.67123	-4.26309
6963.67123	-4.22298
6968.12231	-4.18287
6968.12231	-4.14276
6968.12231	-4.10265
6972.5734	-4.06254
6972.5734	-4.02243
6968.12231	-3.98232
6963.67123	-3.94221
6963.67123	-3.9021
6963.67123	-3.86199
6972.5734	-3.82187
6972.5734	-3.78176
6981.47556	-3.74165
6999.27989	-3.70154
6972.5734	-3.98232
6968.12231	-3.94221
6968.12231	-3.9021
6977.02448	-3.86199
6981.47556	-3.82187
6977.02448	-3.78176
6999.27989	-3.74165
7008.18205	-3.70154
7003.73097	-3.92616
6977.02448	-3.89809
6977.02448	-3.9382
6977.02448	-3.97831
6990.37772	-3.90611
6977.02448	-4.12672
6977.02448	-4.08661
6985.92664	-3.86199
7017.08421	-3.82187
6981.47556	-3.78176
6990.37772	-3.74165
7003.73097	-3.70154
6972.5734	-3.93017
6972.5734	-3.89006
6981.47556	-3.84995
7008.18205	-3.80984
6985.92664	-3.76973
6990.37772	-3.72962
7079.39935	-3.13197
7070.49719	-3.17208
7079.39935	-3.21219
7079.39935	-3.2523
7066.04611	-3.29241
7066.04611	-3.33252
7061.59503	-3.37263
7066.04611	-3.41275
7061.59503	-3.45286
7052.69286	-3.49297
7061.59503	-3.53308
7048.24178	-3.57319
7052.69286	-3.6133
7048.24178	-3.65341
7052.69286	-3.69352
7048.24178	-3.73363
7048.24178	-3.77374
7043.7907	-3.81385
7048.24178	-3.85396
7034.88854	-3.89407
7025.98637	-3.93017
7003.73097	-3.97028
6999.27989	-4.0104
6999.27989	-4.05051
6999.27989	-4.09062
7003.73097	-4.13073
6999.27989	-3.82589
6999.27989	-3.8299
7017.08421	-3.88605
6994.8288	-3.84594
7061.59503	-3.3245
7066.04611	-3.36461
7061.59503	-3.40472
7057.14395	-3.44483
7057.14395	-3.48494
7057.14395	-3.52506
7061.59503	-3.56517
7048.24178	-3.60528
7052.69286	-3.64539
7048.24178	-3.6855
7048.24178	-3.72561
7048.24178	-3.76572
7048.24178	-3.80583
7043.7907	-3.84594
7039.33962	-3.88605
7025.98637	-3.92215
7012.63313	-3.96226
7021.53529	-4.00237
7017.08421	-4.04248
7017.08421	-4.08259
7017.08421	-4.12271
7012.63313	-4.16282
7017.08421	-3.95023
7017.08421	-3.99034
7012.63313	-4.03045
7012.63313	-4.07056
7012.63313	-4.11067
7008.18205	-4.15078
7017.08421	-3.88204
7034.88854	-3.94221
7030.43746	-3.86199
7048.24178	-3.74165
7057.14395	-3.5772
7052.69286	-3.44885
7061.59503	-3.48896
7061.59503	-3.52907
7066.04611	-3.18813
7079.39935	-3.22824
7070.49719	-3.26835
7070.49719	-3.30846
7070.49719	-3.24027
7066.04611	-3.20016
7074.94827	-3.22824
7106.10584	-3.66945
7092.7526	-3.62934
7092.7526	-3.58923
7092.7526	-3.54912
7092.7526	-3.50901
7083.85044	-3.4689
7083.85044	-3.42879
7083.85044	-3.38868
7083.85044	-3.34857
7083.85044	-3.30846
7074.94827	-3.26835
7079.39935	-3.47291
7079.39935	-3.4328
7079.39935	-3.39269
7079.39935	-3.35258
7079.39935	-3.31247
7079.39935	-3.27236
7092.7526	-3.64138
7088.30152	-3.60127
7088.30152	-3.56116
7088.30152	-3.52104
7092.7526	-3.48093
7092.7526	-3.54912
7163.9699	-4.00638
7155.06774	-3.96627
7150.61666	-3.92616
7141.7145	-3.88605
7150.61666	-3.84594
7146.16558	-3.80583
7137.26341	-3.76572
7128.36125	-3.72561
7119.45909	-3.6855
7110.55692	-3.66544
7155.06774	-3.9021
7146.16558	-3.86199
7141.7145	-3.82187
7137.26341	-3.78176
7132.81233	-3.74165
7123.91017	-3.70154
7141.7145	-3.84995
7146.16558	-3.85396
7150.61666	-3.88204
7155.06774	-4.01441
7190.67639	-3.76973
7186.22531	-3.80984
7177.32315	-3.84594
7181.77423	-3.88605
7177.32315	-3.92616
7163.9699	-3.96627
7155.06774	-3.99034
7150.61666	-3.93017
7163.9699	-3.98633
7172.87207	-3.9743
7177.32315	-3.81786
7181.77423	-3.85797
7172.87207	-3.89809
7172.87207	-3.9382
7186.22531	-3.74566
7190.67639	-3.78578
7199.57856	-3.81786
7186.22531	-3.81786
7190.67639	-3.76572
7186.22531	-3.80583
7199.57856	-3.84594
7212.9318	-3.84193
7199.57856	-3.80583
7204.02964	-3.73764
7212.9318	-3.83792
7212.9318	-3.79781
7212.9318	-3.7577
7212.9318	-3.71759
7212.9318	-3.67748
7221.83396	-3.63737
7221.83396	-3.59725
7212.9318	-3.55714
7217.38288	-3.51703
7226.28505	-3.47692
7226.28505	-3.43681
7221.83396	-3.3967
7221.83396	-3.35659
7230.73613	-3.3245
7235.18721	-3.28439
7239.63829	-3.24428
7239.63829	-3.20417
7257.44262	-3.16406
7252.99153	-3.12395
7252.99153	-3.08384
7239.63829	-3.04373
7244.08937	-3.00362
7248.54045	-2.96351
7212.9318	-3.54912
7217.38288	-3.58923
7212.9318	-3.62934
7212.9318	-3.66945
7217.38288	-3.70956
7217.38288	-3.69753
7226.28505	-3.58923
7226.28505	-3.54912
7221.83396	-3.50901
7221.83396	-3.4689
7221.83396	-3.42879
7221.83396	-3.38868
7226.28505	-3.34857
7235.18721	-3.32049
7257.44262	-3.28038
7244.08937	-3.24027
7244.08937	-3.20016
7252.99153	-3.16005
7248.54045	-3.11994
7248.54045	-3.07983
7244.08937	-3.03972
7248.54045	-2.9996
7244.08937	-2.95949
7239.63829	-3.30846
7252.99153	-3.26835
7248.54045	-3.22824
7257.44262	-3.18813
7244.08937	-3.16005
7239.63829	-3.11994
7239.63829	-3.07983
7248.54045	-3.17208
7244.08937	-3.13197
7244.08937	-3.09186
7244.08937	-3.30846
7252.99153	-3.34857
7257.44262	-3.38868
7252.99153	-3.42879
7252.99153	-3.4689
7257.44262	-3.50901
7252.99153	-3.54912
7257.44262	-3.58923
7252.99153	-3.62934
7252.99153	-3.66945
7252.99153	-3.31247
7252.99153	-3.35258
7257.44262	-3.39269
7257.44262	-3.4328
7257.44262	-3.47291
7252.99153	-3.51302
7266.34478	-3.55313
7252.99153	-3.59324
7257.44262	-3.63335
7257.44262	-3.67347
7261.8937	-3.53308
7261.8937	-3.57319
7266.34478	-3.6133
7266.34478	-3.61731
7306.40451	-2.99158
7306.40451	-3.03169
7310.8556	-3.0718
7306.40451	-3.11191
7297.50235	-3.15203
7297.50235	-3.19214
7301.95343	-3.23225
7293.05127	-3.27236
7293.05127	-3.31247
7297.50235	-3.35258
7293.05127	-3.39269
7297.50235	-3.4328
7297.50235	-3.47291
7275.24694	-3.50901
7261.8937	-3.5411
7266.34478	-3.58121
7270.79586	-3.54912
7279.69802	-3.50099
7279.69802	-3.51302
7293.05127	-3.5772
7288.60019	-3.53709
7293.05127	-3.49698
7297.50235	-3.12395
7301.95343	-3.16406
7301.95343	-3.20417
7297.50235	-3.24428
7297.50235	-3.28439
7297.50235	-3.3245
7293.05127	-3.36461
7297.50235	-3.40472
7293.05127	-3.44483
7301.95343	-3.26434
7301.95343	-3.30445
7301.95343	-3.22021
7342.01317	-3.58923
7328.65992	-3.56116
7328.65992	-3.52104
7333.111	-3.48093
7324.20884	-3.44082
7324.20884	-3.40071
7319.75776	-3.3606
7328.65992	-3.32049
7324.20884	-3.28038
7328.65992	-3.24027
7315.30668	-3.20016
7324.20884	-3.16005
7315.30668	-3.11994
7315.30668	-3.07983
7315.30668	-3.03972
7310.8556	-2.9996
7333.111	-3.5772
7333.111	-3.53709
7328.65992	-3.49698
7328.65992	-3.45687
7324.20884	-3.41676
7324.20884	-3.37665
7324.20884	-3.33654
7328.65992	-3.29642
7324.20884	-3.25631
7328.65992	-3.2162
7319.75776	-3.17609
7319.75776	-3.13598
7324.20884	-3.09587
7315.30668	-3.05576
7315.30668	-3.01565
7315.30668	-3.09587
7310.8556	-3.05576
7319.75776	-3.24829
7324.20884	-3.20818
7324.20884	-3.16807
7319.75776	-3.3245
7324.20884	-3.09186
7364.26857	-3.60127
7359.81749	-3.60929
7368.71966	-3.44483
7382.0729	-3.48494
7364.26857	-3.52506
7359.81749	-3.56517
7368.71966	-3.60528
7377.62182	-3.47692
7368.71966	-3.51703
7368.71966	-3.55714
7386.52398	-3.50099
7382.0729	-3.5411
7386.52398	-3.58121
7386.52398	-3.62132
7386.52398	-3.66143
7386.52398	-3.70154
7390.97506	-3.74165
7390.97506	-3.78176
7390.97506	-3.82187
7368.71966	-3.45286
7377.62182	-3.49297
7377.62182	-3.48494
7390.97506	-3.78979
7390.97506	-3.74968
7390.97506	-3.70956
7390.97506	-3.66945
7390.97506	-3.62934
7386.52398	-3.58923
7386.52398	-3.54912
7382.0729	-3.50901
7408.77939	-3.97831
7408.77939	-3.9382
7408.77939	-3.89809
7395.42614	-3.85797
7417.68155	-3.7216
7422.13263	-3.76171
7417.68155	-3.80182
7417.68155	-3.83792
7399.87723	-3.87402
7395.42614	-3.91413
7399.87723	-3.95424
7404.32831	-3.70555
7417.68155	-3.73764
7417.68155	-3.77775
7431.0348	-3.81786
7408.77939	-3.85396
7399.87723	-3.89407
7395.42614	-3.93418
7408.77939	-3.87001
7408.77939	-3.91012
7408.77939	-3.70555
7413.23047	-3.74566
7417.68155	-3.78578
7417.68155	-3.82589
7431.0348	-3.80182
7431.0348	-3.84193
7444.38804	-3.87402
7448.83912	-3.91413
7457.74129	-3.95424
7457.74129	-3.99435
7462.19237	-4.03446
7462.19237	-4.07056
7471.09453	-4.11067
7439.93696	-3.87402
7448.83912	-3.89407
7462.19237	-4.05051
7453.29021	-4.0104
7453.29021	-3.97028
7448.83912	-3.93017
7448.83912	-3.89006
7453.29021	-3.93418
7457.74129	-3.9743
7466.64345	-4.09864
7493.34994	-3.95825
7493.34994	-3.99836
7484.44778	-4.03847
7475.54561	-4.06655
7475.54561	-4.10666
7475.54561	-4.08661
7484.44778	-4.08661
7524.50751	-3.38467
7520.05643	-3.42478
7515.60535	-3.46489
7528.95859	-3.505
7515.60535	-3.54511
7511.15427	-3.5772
7506.70318	-3.61731
7506.70318	-3.65742
7506.70318	-3.69753
7506.70318	-3.73764
7511.15427	-3.77775
7506.70318	-3.81786
7502.2521	-3.85797
7506.70318	-3.89809
7497.80102	-3.9382
7493.34994	-3.97831
7493.34994	-4.01842
7502.2521	-3.7577
7506.70318	-3.79781
7506.70318	-3.83792
7506.70318	-3.87803
7502.2521	-3.91814
7502.2521	-3.95825
7520.05643	-3.38467
7524.50751	-3.42478
7520.05643	-3.46489
7524.50751	-3.505
7520.05643	-3.54511
7506.70318	-3.58121
7511.15427	-3.62132
7511.15427	-3.66143
7506.70318	-3.70154
7511.15427	-3.74165
7502.2521	-3.78176
7515.60535	-3.51302
7524.50751	-3.46489
7528.95859	-3.45286
7528.95859	-3.49297
7524.50751	-3.53709
7533.40967	-3.5772
7533.40967	-3.61731
7533.40967	-3.65742
7537.86075	-3.69352
7551.214	-3.73363
7555.66508	-3.77374
7551.214	-3.81385
7542.31184	-3.85396
7533.40967	-3.41676
7537.86075	-3.69352
7555.66508	-3.73363
7542.31184	-3.77374
7546.76292	-3.81385
7546.76292	-3.85396
7546.76292	-3.74165
7551.214	-3.78176
7537.86075	-3.82187
7537.86075	-3.66544
7542.31184	-3.78979
7551.214	-3.76973
7551.214	-3.70956
7555.66508	-3.67347
7564.56724	-3.46489
7569.01833	-3.505
7573.46941	-3.54511
7564.56724	-3.58522
7569.01833	-3.62533
7560.11616	-3.66544
7569.01833	-3.47692
7564.56724	-3.51703
7564.56724	-3.55714
7560.11616	-3.59725
7577.92049	-3.63737
7573.46941	-3.55313
7582.37157	-3.59324
7577.92049	-3.63335
7582.37157	-3.98633
7595.72482	-3.94622
7582.37157	-3.90611
7595.72482	-3.866
7582.37157	-3.82589
7595.72482	-3.78578
7577.92049	-3.74566
7577.92049	-3.56918
7577.92049	-3.60528
7582.37157	-3.64539
7586.82265	-3.98633
7591.27373	-3.94622
7586.82265	-3.90611
7591.27373	-3.866
7586.82265	-3.82589
7591.27373	-3.78578
7582.37157	-3.74566
7582.37157	-3.70555
7604.62698	-3.66544
7604.62698	-3.62533
7609.07806	-3.58522
7609.07806	-3.54511
7604.62698	-3.505
7609.07806	-3.46489
7613.52914	-3.42478
7613.52914	-3.38467
7613.52914	-3.34456
7613.52914	-3.30445
7622.4313	-3.26434
7617.98022	-3.22422
7617.98022	-3.18411
7617.98022	-3.144
7626.88239	-3.10389
7617.98022	-3.06378
7626.88239	-3.02367
7635.78455	-2.99158
7649.13779	-2.95949
7577.92049	-3.49698
7586.82265	-3.84995
7582.37157	-3.80984
7577.92049	-3.76973
7582.37157	-3.84594
7595.72482	-3.76973
7586.82265	-3.72962
7600.1759	-3.68951
7600.1759	-3.6494
7604.62698	-3.60929
7604.62698	-3.56918
7604.62698	-3.52907
7609.07806	-3.48896
7595.72482	-3.62132
7600.1759	-3.56116
7622.4313	-3.29642
7609.07806	-3.25631
7617.98022	-3.28038
7617.98022	-3.24027
7622.4313	-3.20016
7622.4313	-3.16005
7617.98022	-3.11994
7617.98022	-3.07983
7626.88239	-3.03972
7622.4313	-2.9996
7617.98022	-3.09587
7626.88239	-3.05576
7649.13779	-2.97554
7680.29537	-3.48494
7675.84428	-3.44483
7675.84428	-3.40472
7671.3932	-3.36461
7662.49104	-3.3245
7666.94212	-3.28439
7666.94212	-3.24428
7658.03996	-3.20417
7658.03996	-3.16406
7658.03996	-3.12395
7658.03996	-3.08384
7653.58888	-3.04373
7649.13779	-3.00362
7649.13779	-3.05175
7649.13779	-3.01164
7653.58888	-2.97153
7658.03996	-3.05175
7653.58888	-3.01164
7675.84428	-3.46489
7666.94212	-3.42478
7666.94212	-3.38467
7662.49104	-3.34456
7662.49104	-3.30445
7662.49104	-3.26434
7666.94212	-3.22422
7666.94212	-3.31247
7689.19753	-3.48093
7680.29537	-3.44082
7675.84428	-3.35258
7684.74645	-3.47692
7698.09969	-3.44483
7707.00185	-3.40472
7698.09969	-3.36461
7693.64861	-3.3967
7707.00185	-3.43681
7711.45294	-3.47692
7715.90402	-3.51703
7724.80618	-3.55714
7724.80618	-3.59725
7720.3551	-3.63737
7724.80618	-3.67347
7729.25726	-3.71358
7729.25726	-3.75369
7738.15943	-3.7938
7738.15943	-3.83391
7698.09969	-3.40472
7711.45294	-3.42077
7702.55077	-3.46088
7715.90402	-3.49297
7720.3551	-3.53308
7720.3551	-3.57319
7720.3551	-3.6133
7724.80618	-3.6494
7733.70834	-3.68951
7733.70834	-3.72962
7733.70834	-3.76973
7711.45294	-3.41275
7715.90402	-3.54912
7715.90402	-3.58923
7729.25726	-3.78578
7729.25726	-3.63335
7755.96375	-3.67347
7742.61051	-3.71358
7738.15943	-3.75369
7742.61051	-3.7938
7760.41483	-3.42478
7760.41483	-3.46489
7755.96375	-3.505
7755.96375	-3.54511
7755.96375	-3.58522
7755.96375	-3.62533
7747.06159	-3.66143
7760.41483	-3.70154
7742.61051	-3.74165
7769.317	-3.78176
7760.41483	-3.82187
7755.96375	-3.86199
7760.41483	-3.9021
7760.41483	-3.94221
7755.96375	-3.98232
7755.96375	-4.02243
7782.67024	-3.41676
7773.76808	-3.45687
7764.86591	-3.49698
7764.86591	-3.53709
7755.96375	-3.5772
7760.41483	-3.61731
7764.86591	-3.65742
7764.86591	-3.69753
7742.61051	-3.73764
7773.76808	-3.77775
7764.86591	-3.81786
7760.41483	-3.85797
7760.41483	-3.89809
7760.41483	-3.9382
7760.41483	-3.97831
7760.41483	-4.01842
7747.06159	-3.8299
7791.5724	-4.00237
7796.02349	-3.96226
7796.02349	-3.92215
7796.02349	-3.88204
7796.02349	-3.84193
7800.47457	-3.80182
7800.47457	-3.76171
7800.47457	-3.7216
7796.02349	-3.68149
7796.02349	-3.6494
7769.317	-3.66945
7760.41483	-3.70956
7764.86591	-3.74968
7751.51267	-3.44885
7755.96375	-3.7216
7773.76808	-3.68149
7764.86591	-3.72962
7773.76808	-3.34857
7773.76808	-3.38868
7769.317	-3.42879
7764.86591	-3.4689
7764.86591	-3.50901
7764.86591	-3.54912
7764.86591	-3.58923
7760.41483	-3.62934
7755.96375	-3.66143
7778.21916	-3.47692
7787.12132	-3.51703
7764.86591	-3.55714
7769.317	-3.59725
7769.317	-3.63737
7818.27889	-3.90611
7822.72998	-3.866
7813.82781	-3.82589
7818.27889	-3.78578
7827.18106	-3.74566
7813.82781	-3.70555
7827.18106	-3.66544
7827.18106	-3.62533
7822.72998	-3.58522
7782.67024	-3.54511
7769.317	-3.505
7822.72998	-3.66945
7822.72998	-3.62934
7822.72998	-3.58923
7782.67024	-3.54912
7796.02349	-3.50901
7822.72998	-3.4689
7804.92565	-3.42879
7804.92565	-3.39269
7800.47457	-3.35258
7796.02349	-3.31247
7796.02349	-3.27236
7796.02349	-3.23225
7827.18106	-3.92215
7822.72998	-3.88204
7818.27889	-3.84193
7813.82781	-3.80182
7822.72998	-3.76171
7818.27889	-3.7216
7822.72998	-3.68149
7818.27889	-3.64138
7818.27889	-3.60127
7787.12132	-3.56116
7796.02349	-4.02243
7796.02349	-3.98232
7791.5724	-3.94221
7796.02349	-3.9021
7791.5724	-3.86199
7796.02349	-3.82187
7796.02349	-3.78176
7791.5724	-3.74165
7796.02349	-3.70154
7809.37673	-3.66544
7796.02349	-3.62533
7796.02349	-3.58522
7813.82781	-3.67748
7813.82781	-3.63737
7800.47457	-3.59725
7804.92565	-3.65341
7804.92565	-3.6133
7800.47457	-3.9021
7804.92565	-3.9382
7800.47457	-3.85797
7831.63214	-3.44885
7822.72998	-3.48896
7800.47457	-3.52907
7822.72998	-3.56918
7827.18106	-3.48896
7804.92565	-3.52907
7818.27889	-3.56918
7813.82781	-3.40472
7796.02349	-3.42077
7796.02349	-3.46088
7827.18106	-3.77374
7853.88755	-3.28038
7853.88755	-3.32049
7836.08322	-3.3606
7831.63214	-3.40071
7822.72998	-3.4328
7827.18106	-3.4689
7791.5724	-3.50901
7849.43646	-3.29642
7840.5343	-3.33654
7836.08322	-3.37665
7844.98538	-3.41676
7822.72998	-3.44483
7813.82781	-3.48494
7840.5343	-3.80182
7840.5343	-3.36862
7836.08322	-3.40873
7831.63214	-3.35258
7836.08322	-3.31247
7836.08322	-3.27637
7876.14295	-3.84594
7867.24079	-3.80583
7871.69187	-3.76572
7862.78971	-3.72561
7867.24079	-3.6855
7876.14295	-3.64539
7876.14295	-3.60528
7853.88755	-3.56517
7844.98538	-3.52506
7844.98538	-3.48494
7844.98538	-3.44483
7871.69187	-3.83792
7867.24079	-3.79781
7871.69187	-3.7577
7858.33863	-3.71759
7871.69187	-3.67748
7871.69187	-3.63737
7871.69187	-3.59725
7849.43646	-3.55714
7858.33863	-3.51703
7849.43646	-3.47692
7867.24079	-3.43681
7853.88755	-3.40873
7849.43646	-3.36862
7871.69187	-3.57319
7862.78971	-3.53308
7853.88755	-3.49297
7853.88755	-3.45286
7849.43646	-3.42478
7858.33863	-3.54912
7871.69187	-3.50901
7858.33863	-3.4689
7885.04512	-3.44082
7902.84944	-3.40071
7889.4962	-3.3606
7885.04512	-3.32049
7898.39836	-3.28038
7889.4962	-3.24027
7885.04512	-3.20016
7889.4962	-3.16005
7862.78971	-3.79781
7867.24079	-3.7577
7853.88755	-3.71759
7867.24079	-3.67748
7867.24079	-3.63737
7867.24079	-3.59725
7858.33863	-3.80182
7862.78971	-3.76171
7849.43646	-3.7216
7858.33863	-3.68149
7862.78971	-3.64138
7862.78971	-3.60127
7862.78971	-3.37263
7871.69187	-3.35659
7885.04512	-3.1801
7889.4962	-3.22021
7885.04512	-3.26032
7898.39836	-3.30044
7880.59404	-3.34055
7880.59404	-3.38066
7880.59404	-3.42077
7858.33863	-3.40071
7849.43646	-3.3606
7898.39836	-3.38066
7889.4962	-3.26032
7885.04512	-3.30044
7889.4962	-3.29241
7898.39836	-3.36862
7889.4962	-3.32851
7920.65377	-3.43681
7925.10485	-3.47692
7916.20269	-3.51703
7916.20269	-3.55714
7916.20269	-3.59725
7916.20269	-3.63737
7916.20269	-3.67748
7920.65377	-3.71759
7907.30053	-3.75369
7911.75161	-3.7938
7902.84944	-3.83391
7916.20269	-3.87402
7898.39836	-3.91413
7898.39836	-3.95424
7898.39836	-3.99435
7898.39836	-4.03446
7898.39836	-4.07457
7916.20269	-4.11468
7911.75161	-4.15479
7907.30053	-4.1949
7907.30053	-4.23502
7907.30053	-4.27513
7911.75161	-4.29518
7907.30053	-4.25507
7902.84944	-4.21496
7907.30053	-4.17485
7907.30053	-4.13474
7916.20269	-4.09463
7916.20269	-4.05452
7911.75161	-4.01441
7907.30053	-3.9743
7902.84944	-3.93418
7911.75161	-3.89407
7902.84944	-3.85396
7907.30053	-3.81385
7898.39836	-3.77374
7902.84944	-4.18688
7898.39836	-4.14677
7907.30053	-4.10666
7911.75161	-4.06655
7911.75161	-4.02644
7911.75161	-3.98633
7907.30053	-3.94622
7907.30053	-3.90611
7916.20269	-3.7938
7920.65377	-3.46489
7925.10485	-3.505
7925.10485	-3.5411
7920.65377	-3.58121
7920.65377	-3.62132
7920.65377	-3.66143
7956.26242	-3.70154
7965.16459	-3.74165
7960.7135	-3.78176
7960.7135	-3.82187
7960.7135	-3.86199
7960.7135	-3.9021
7920.65377	-3.5411
7925.10485	-3.58121
7925.10485	-3.62132
7925.10485	-3.66143
7951.81134	-3.70154
7960.7135	-3.74165
7965.16459	-3.78176
7951.81134	-3.82187
7951.81134	-3.86199
7920.65377	-3.67347
7947.36026	-3.71358
7956.26242	-3.75369
7956.26242	-3.7938
7951.81134	-3.83391
7960.7135	-3.87402
7942.90918	-3.71358
7951.81134	-3.75369
7951.81134	-3.7938
7960.7135	-3.70154
7938.4581	-3.66143
7942.90918	-3.62132
7942.90918	-3.58121
7947.36026	-3.5411
7960.7135	-3.69753
7942.90918	-3.66143
7938.4581	-3.62132
7938.4581	-3.58121
7929.55593	-3.5411
7925.10485	-3.68951
7938.4581	-3.72962
7942.90918	-3.76973
7965.16459	-3.68951
7960.7135	-3.6494
7965.16459	-3.60929
7960.7135	-3.56918
7965.16459	-3.52907
7960.7135	-3.48896
7965.16459	-3.44885
7969.61567	-3.40873
7965.16459	-3.36862
7965.16459	-3.32851
7965.16459	-3.2884
7960.7135	-3.24829
7969.61567	-3.20818
7978.51783	-3.17208
7969.61567	-3.13197
7969.61567	-3.09186
7987.41999	-3.05175
7991.87107	-3.01164
7991.87107	-2.97153
7991.87107	-2.93142
7991.87107	-2.89131
7987.41999	-2.8512
7987.41999	-2.81108
7960.7135	-3.67748
7960.7135	-3.63737
7960.7135	-3.59725
7960.7135	-3.55714
7960.7135	-3.51703
7965.16459	-3.47692
7965.16459	-3.43681
7960.7135	-3.3967
7960.7135	-3.35659
7960.7135	-3.31648
7960.7135	-3.27637
7969.61567	-3.23626
7974.06675	-2.81911
7969.61567	-2.85922
7969.61567	-2.89933
7969.61567	-2.93944
7969.61567	-2.97955
7969.61567	-3.01966
7982.96891	-3.05977
7974.06675	-3.09988
7974.06675	-3.13999
7969.61567	-3.17609
7978.51783	-2.79905
7978.51783	-2.83916
7974.06675	-2.87927
7974.06675	-2.91938
7974.06675	-2.95949
7974.06675	-2.9996
7969.61567	-3.03972
7978.51783	-2.82713
7978.51783	-2.86724
7978.51783	-2.90735
7978.51783	-2.94746
7978.51783	-2.98757
7974.06675	-3.02768
7987.41999	-3.05977
7978.51783	-3.09988
7991.87107	-3.13999
7996.32216	-3.1801
7978.51783	-3.04373
7987.41999	-3.00362
7982.96891	-2.96351
7982.96891	-2.92339
7982.96891	-2.88328
7982.96891	-3.04373
7982.96891	-3.00362
7987.41999	-2.96351
7987.41999	-2.92339
7987.41999	-2.88328
7991.87107	-2.84317
7991.87107	-2.80306
8005.22432	-3.81385
8014.12648	-3.77374
8014.12648	-3.73363
8009.6754	-3.69352
7996.32216	-3.65341
7991.87107	-3.6133
7996.32216	-3.57319
8000.77324	-3.53308
8014.12648	-3.49297
8014.12648	-3.45286
7996.32216	-3.41275
8005.22432	-3.37263
7996.32216	-3.33252
8000.77324	-3.29241
8005.22432	-3.2523
7996.32216	-3.21219
7991.87107	-3.17208
7987.41999	-3.13197
7982.96891	-3.09186
8005.22432	-3.84594
8005.22432	-3.80583
8000.77324	-3.76572
8009.6754	-3.72561
8014.12648	-3.6855
8009.6754	-3.64539
7996.32216	-3.60528
7991.87107	-3.56517
8005.22432	-3.52506
8009.6754	-3.48494
8005.22432	-3.44483
7991.87107	-3.40472
8000.77324	-3.36461
7996.32216	-3.3245
7996.32216	-3.28439
8000.77324	-3.24428
7991.87107	-3.20417
8005.22432	-3.505
7996.32216	-3.46489
8000.77324	-3.42478
8014.12648	-3.38467
8023.02865	-3.35258
8036.38189	-3.31247
8027.47973	-3.27236
8031.93081	-3.23225
8045.28405	-3.19214
8036.38189	-3.15203
8054.18622	-3.11191
8045.28405	-3.0718
8054.18622	-3.03169
8049.73514	-2.99158
8049.73514	-2.95147
8049.73514	-2.91136
8049.73514	-2.87125
8040.83297	-2.83114
8000.77324	-3.54511
8000.77324	-3.58522
8000.77324	-3.62533
8009.6754	-3.66544
8005.22432	-3.70555
7996.32216	-3.74566
8000.77324	-3.78578
7996.32216	-3.82589
8005.22432	-3.54912
8009.6754	-3.58923
8009.6754	-3.62934
8005.22432	-3.66945
8000.77324	-3.70956
8000.77324	-3.74968
8014.12648	-3.53709
8014.12648	-3.5772
8014.12648	-3.6133
8040.83297	-2.83916
8045.28405	-2.87927
8036.38189	-2.91938
8036.38189	-2.95949
8045.28405	-2.9996
8049.73514	-3.03972
8040.83297	-3.07983
8049.73514	-3.11994
8040.83297	-3.16005
8040.83297	-3.20016
8027.47973	-3.24027
8023.02865	-3.28038
8018.57756	-3.32049
8018.57756	-3.3606
8031.93081	-3.2162
8036.38189	-3.25631
8027.47973	-3.29642
8027.47973	-3.33252
8036.38189	-3.37263
8036.38189	-3.41275
8031.93081	-3.45286
8031.93081	-3.49297
8040.83297	-3.53308
8031.93081	-3.57319
8036.38189	-3.6133
8040.83297	-3.23225
8036.38189	-3.27236
8027.47973	-3.31247
8045.28405	-3.35258
8045.28405	-3.39269
8045.28405	-3.4328
8040.83297	-3.47291
8040.83297	-3.51302
8036.38189	-3.55313
8036.38189	-3.59324
8036.38189	-3.35258
8031.93081	-3.39269
8036.38189	-3.19214
8036.38189	-3.09988
8036.38189	-3.05977
8049.73514	-3.01966
8049.73514	-3.06378
8040.83297	-3.02367
8036.38189	-2.98356
8040.83297	-2.94345
8040.83297	-2.90334
8040.83297	-2.86323
8076.44162	-3.75369
8076.44162	-3.71358
8080.89271	-3.67347
8080.89271	-3.63335
8063.08838	-3.59324
8076.44162	-3.55313
8071.99054	-3.51302
8085.34379	-3.47692
8094.24595	-3.43681
8085.34379	-3.3967
8094.24595	-3.35659
8058.6373	-3.31648
8058.6373	-3.27637
8058.6373	-3.23626
8058.6373	-3.19615
8067.53946	-3.77374
8071.99054	-3.73363
8076.44162	-3.69352
8076.44162	-3.65341
8071.99054	-3.6133
8071.99054	-3.57319
8063.08838	-3.53308
8067.53946	-3.49297
8076.44162	-3.45286
8063.08838	-3.41275
8067.53946	-3.37665
8063.08838	-3.33654
8067.53946	-3.29642
8076.44162	-3.25631
8080.89271	-3.2162
8089.79487	-3.17609
8094.24595	-3.13598
8080.89271	-3.09587
8058.6373	-3.24027
8063.08838	-3.56918
8067.53946	-3.52907
8071.99054	-3.48896
8080.89271	-3.44885
8067.53946	-3.40873
8071.99054	-3.36862
8067.53946	-3.32851
8080.89271	-3.2884
8085.34379	-3.24829
8080.89271	-3.20818
8089.79487	-3.16807
8080.89271	-3.12796
8080.89271	-3.08785
8071.99054	-3.58121
8076.44162	-3.5411
8071.99054	-3.45286
8089.79487	-3.46088
8085.34379	-3.42077
8085.34379	-3.38066
8071.99054	-3.34055
8094.24595	-3.30044
8085.34379	-3.26032
8089.79487	-3.42077
8089.79487	-3.38066
8094.24595	-3.34055
8076.44162	-3.30044
8089.79487	-3.26032
8071.99054	-3.41676
8076.44162	-3.37665
8089.79487	-3.33654
8085.34379	-3.29642
8094.24595	-3.25631
8098.69703	-3.50901
8094.24595	-3.54511
8094.24595	-3.58522
8080.89271	-3.3245
8080.89271	-3.36461
8098.69703	-3.505
8112.05028	-3.58121
8103.14811	-3.54511
8120.95244	-3.51302
8134.30568	-3.47291
8134.30568	-3.4328
8138.75677	-3.39269
8134.30568	-3.35258
8138.75677	-3.31247
8143.20785	-3.27236
8143.20785	-3.23225
8138.75677	-3.19214
8138.75677	-3.15203
8152.11001	-3.11593
8147.65893	-3.07983
8152.11001	-3.03972
8165.46326	-2.9996
8103.14811	-3.47692
8103.14811	-3.55313
8125.40352	-3.59324
8134.30568	-3.44483
8134.30568	-3.48494
8120.95244	-3.52104
8116.50136	-3.56116
8138.75677	-3.46489
8129.8546	-3.505
8112.05028	-3.54511
8129.8546	-3.58522
8134.30568	-3.51302
8129.8546	-3.55313
8125.40352	-3.52907
8138.75677	-3.49698
8134.30568	-3.53709
8138.75677	-3.42879
8138.75677	-3.38868
8138.75677	-3.34857
8134.30568	-3.30846
8138.75677	-3.26835
8138.75677	-3.22422
8138.75677	-3.16406
8169.91434	-2.86724
8165.46326	-2.90735
8165.46326	-2.94746
8161.01217	-2.98356
8165.46326	-3.02367
8152.11001	-3.06378
8143.20785	-3.10389
8147.65893	-3.05175
8169.91434	-3.06779
8161.01217	-3.1079
8161.01217	-3.04373
8174.36542	-3.08384
8174.36542	-3.12395
8169.91434	-3.16406
8178.8165	-3.20417
8174.36542	-3.24428
8174.36542	-3.28439
8174.36542	-3.3245
8178.8165	-3.36461
8183.26758	-3.40472
8178.8165	-3.44483
8178.8165	-3.48494
8183.26758	-3.52506
8178.8165	-3.56517
8201.07191	-3.60528
8187.71866	-3.64539
8201.07191	-3.6855
8187.71866	-3.72561
8192.16975	-3.76572
8187.71866	-3.80583
8147.65893	-3.0357
8169.91434	-2.99559
8161.01217	-3.06378
8161.01217	-3.10389
8174.36542	-3.144
8174.36542	-3.18411
8174.36542	-3.22422
8169.91434	-3.26434
8169.91434	-3.30445
8178.8165	-3.34456
8183.26758	-3.38467
8178.8165	-3.42478
8183.26758	-3.46489
8183.26758	-3.505
8178.8165	-3.54511
8192.16975	-3.58522
8201.07191	-3.62533
8201.07191	-3.66544
8187.71866	-3.70555
8192.16975	-3.74566
8196.62083	-3.78578
8169.91434	-3.22422
8183.26758	-3.31247
8183.26758	-3.35258
8187.71866	-3.6133
8196.62083	-3.65341
8192.16975	-3.69352
8196.62083	-3.73363
8183.26758	-3.60528
8183.26758	-3.64539
8187.71866	-3.69753
8196.62083	-3.6494
8245.58272	-3.06779
8241.13164	-3.1079
8236.68056	-3.14801
8236.68056	-3.18813
8232.22948	-3.22021
8236.68056	-3.25631
8209.97407	-3.28439
8209.97407	-3.3245
8209.97407	-3.36461
8205.52299	-3.40472
8209.97407	-3.44483
8205.52299	-3.48494
8205.52299	-3.50099
8205.52299	-3.5411
8201.07191	-3.58121
8205.52299	-3.57319
8250.03381	-3.07983
8241.13164	-3.11994
8241.13164	-3.16005
8245.58272	-3.20016
8232.22948	-3.22824
8223.32732	-3.26032
8209.97407	-3.29241
8214.42515	-3.33252
8205.52299	-3.37263
8205.52299	-3.41275
8205.52299	-3.45286
8209.97407	-3.49297
8201.07191	-3.53308
8196.62083	-3.57319
8205.52299	-3.29642
8223.32732	-3.33654
8223.32732	-3.31648
8214.42515	-3.35659
8218.87623	-3.27637
8227.7784	-3.31648
8232.22948	-3.21219
8254.48489	-3.19615
8236.68056	-3.22824
8241.13164	-3.17609
8236.68056	-3.2162
8254.48489	-3.07582
8250.03381	-3.11593
8245.58272	-3.15604
8245.58272	-3.11593
8254.48489	-3.15604
8254.48489	-3.144
8294.54462	-3.53709
8290.09354	-3.49698
8285.64246	-3.45687
8272.28921	-3.42879
8254.48489	-3.38868
8263.38705	-3.34857
8263.38705	-3.30846
8254.48489	-3.26835
8258.93597	-3.22824
8245.58272	-3.18813
8285.64246	-3.50901
8285.64246	-3.4689
8281.19138	-3.42879
8258.93597	-3.38868
8258.93597	-3.34857
8258.93597	-3.30846
8263.38705	-3.26835
8250.03381	-3.22824
8276.7403	-3.40472
8267.83813	-3.36862
8263.38705	-3.38868
8276.7403	-3.41676
8285.64246	-3.46088
8290.09354	-3.38467
8298.9957	-3.52506
8303.44678	-3.48494
8312.34895	-3.44483
8307.89787	-3.40472
8303.44678	-3.36461
8316.80003	-3.3245
8316.80003	-3.28439
8303.44678	-3.24428
8316.80003	-3.2162
8312.34895	-3.17609
8316.80003	-3.13598
8334.60436	-3.09587
8330.15327	-3.05977
8334.60436	-3.01966
8334.60436	-2.97955
8330.15327	-2.93944
8312.34895	-3.52506
8312.34895	-3.48494
8307.89787	-3.44483
8303.44678	-3.40472
8307.89787	-3.36461
8312.34895	-3.3245
8303.44678	-3.28439
8307.89787	-3.24428
8325.70219	-3.21219
8316.80003	-3.17208
8316.80003	-3.13197
8316.80003	-3.09186
8307.89787	-3.54912
8303.44678	-3.33252
8307.89787	-3.29241
8312.34895	-3.2523
8316.80003	-3.20016
8321.25111	-3.16005
8334.60436	-3.11994
8321.25111	-3.07983
8330.15327	-3.19615
8325.70219	-3.15604
8325.70219	-3.17208
8334.60436	-3.13197
8325.70219	-3.05977
8356.85976	-3.11994
8356.85976	-3.07983
8356.85976	-3.03972
8347.9576	-2.9996
8343.50652	-2.96752
8334.60436	-2.92741
8347.9576	-2.95548
8361.31084	-3.26032
8370.21301	-3.22021
8365.76193	-3.1801
8356.85976	-3.13999
8356.85976	-3.09988
8347.9576	-3.05977
8347.9576	-3.01966
8352.40868	-3.09587
8356.85976	-3.05576
8356.85976	-3.01565
8379.11517	-3.40873
8374.66409	-3.36862
8370.21301	-3.32851
8374.66409	-3.2884
8365.76193	-3.24829
8365.76193	-3.20818
8361.31084	-3.16807
8361.31084	-3.12796
8356.85976	-3.25631
8365.76193	-3.2162
8370.21301	-3.17609
8370.21301	-3.35659
8374.66409	-3.31648
8370.21301	-3.27637
8374.66409	-3.29642
8379.11517	-3.37665
8383.56625	-3.37263
8388.01733	-3.33252
8392.46842	-3.29241
8388.01733	-3.2523
8392.46842	-3.21219
8396.9195	-3.17208
8396.9195	-3.13197
8392.46842	-3.09186
8392.46842	-3.05175
8392.46842	-3.01164
8405.82166	-2.97153
8401.37058	-2.93142
8388.01733	-3.37665
8392.46842	-3.33654
8388.01733	-3.29642
8388.01733	-3.25631
8396.9195	-3.2162
8401.37058	-3.17609
8396.9195	-3.13598
8392.46842	-3.09587
8405.82166	-3.05576
8410.27274	-3.01565
8410.27274	-2.97554
8405.82166	-2.93543
8392.46842	-3.37263
8396.9195	-3.33252
8396.9195	-3.29241
8396.9195	-3.2523
8405.82166	-3.09186
8401.37058	-3.05175
8405.82166	-3.01164
8414.72382	-2.97153
8485.94113	-3.97028
8472.58788	-3.93017
8468.1368	-3.89006
8468.1368	-3.85396
8463.68572	-3.81786
8454.78356	-3.77775
8450.33248	-3.73764
8441.43031	-3.69753
8450.33248	-3.65742
8445.88139	-3.61731
8432.52815	-3.5772
8423.62599	-3.53709
8423.62599	-3.49698
8423.62599	-3.45687
8423.62599	-3.41676
8423.62599	-3.37665
8428.07707	-3.33654
8414.72382	-3.29642
8419.17491	-3.25631
8419.17491	-3.2162
8419.17491	-3.17609
8419.17491	-3.13598
8405.82166	-3.09587
8401.37058	-3.05576
8396.9195	-3.01565
8401.37058	-2.97153
8401.37058	-3.2162
8396.9195	-3.17609
8414.72382	-3.0718
8410.27274	-3.03169
8410.27274	-3.02768
8428.07707	-3.33252
8419.17491	-3.29241
8414.72382	-3.2523
8414.72382	-3.21219
8414.72382	-3.17208
8414.72382	-3.13197
8414.72382	-3.09186
8450.33248	-3.77775
8445.88139	-3.73764
8445.88139	-3.69753
8445.88139	-3.65742
8441.43031	-3.61731
8436.97923	-3.5772
8432.52815	-3.53709
8445.88139	-3.58923
8432.52815	-3.54912
8436.97923	-3.66544
8436.97923	-3.6133
8441.43031	-3.68951
8459.23464	-3.79781
8463.68572	-3.8299
8508.19654	-4.36738
8499.29437	-4.32727
8503.74546	-4.28716
8503.74546	-4.24705
8503.74546	-4.20694
8503.74546	-4.16683
8503.74546	-4.12672
8503.74546	-4.08661
8499.29437	-4.04649
8494.84329	-4.00638
8490.39221	-3.96627
8490.39221	-3.92616
8468.1368	-3.88605
8481.49005	-3.84594
8490.39221	-3.80583
8485.94113	-3.76572
8503.74546	-4.37941
8503.74546	-4.3393
8503.74546	-4.29919
8499.29437	-4.25908
8499.29437	-4.21897
8499.29437	-4.17886
8499.29437	-4.13875
8499.29437	-4.09864
8499.29437	-4.05853
8503.74546	-4.01842
8499.29437	-3.97831
8490.39221	-3.9382
8485.94113	-3.89809
8490.39221	-3.85797
8490.39221	-3.81786
8490.39221	-3.77775
8499.29437	-3.9743
8494.84329	-3.93418
8477.03897	-3.89407
8494.84329	-3.85396
8503.74546	-3.94221
8485.94113	-3.9021
8477.03897	-3.86199
8481.49005	-3.72962
8499.29437	-4.00638
8499.29437	-3.91814
8485.94113	-3.87803
