101.37	-6.00891
109.86	-5.84996
118.35	-6.07293
126.84	-5.98576
135.33	-5.96279
143.82	-5.92324
152.31	-5.85711
160.8	-5.53769
169.29	-5.64997
177.78	-5.71568
186.27	-5.35265
194.76	-5.47424
203.25	-5.77738
211.74	-5.67067
220.23	-5.35671
228.72	-5.27781
237.21	-5.63771
245.7	-6.04025
254.19	-5.83156
262.68	-6.06343
271.17	-6.28921
279.67	-6.5082
288.16	-6.17055
296.65	-5.76255
305.14	-5.80489
313.64	-5.74246
322.13	-6.00883
330.62	-6.35791
339.12	-5.94641
347.61	-5.98937
356.1	-5.70858
364.59	-5.77306
373.09	-6.22679
381.58	-5.93591
390.07	-6.06363
398.57	-6.52797
	
1276.39	-6.65
1284.18	-6.38
1291.97	-6.82
1299.75	-6.34
1307.54	-6.76
1315.33	-6.53
1323.12	-6.52
1330.9	-6.8
1338.69	-6.65
1346.48	-6.22
1362.05	-6.62
1369.84	-6.24
1377.63	-6.04
1385.41	-6.13
1393.2	-6.01
1400.99	-5.87
1408.78	-6.44
1416.56	-6.56
1424.35	-6.99
1432.14	-6.57
1447.71	-6.8
1455.5	-6.58
1463.29	-6.88
1471.08	-6.85
1478.86	-6.74
1486.65	-7.19
1494.46	-7.27
1502.28	-6.85
1510.09	-6.98
1517.91	-6.87
1525.72	-6.57
1533.54	-6.83
1541.35	-6.79
1549.17	-6.13
1572.61	-6.99
1580.43	-6.03
1588.24	-5.7
1596.06	-5.62
1603.87	-6.25
1611.69	-6.33
1619.5	-6.74
1627.32	-6.49
1635.13	-6.2
1642.95	-5.78
1650.76	-6.29
1667.49	-6.78
1684.22	-6.44
1700.95	-6.88
1709.31	-6.28
1717.68	-6.15
1726.04	-6.68
1734.41	-6.56
1742.77	-6.87
1751.14	-6.72
1759.5	-6.92
1767.87	-6.64
	
1909.34	-6.42066
1912.82	-6.08118
1916.29	-5.99945
1919.76	-6.48884
1923.24	-6.49221
1926.71	-6.21184
1930.19	-6.12552
1933.66	-6.46402
1937.13	-6.22068
1940.61	-5.86294
1944.08	-6.32067
1947.55	-6.44163
1951.03	-6.37701
1954.5	-6.64123
1957.97	-6.42394
1961.45	-6.38044
1964.92	-6.21811
1968.39	-5.98549
1971.87	-5.55698
1975.34	-5.59649
1978.82	-5.93041
1982.29	-5.93212
1985.76	-6.07747
1989.24	-6.06635
1992.71	-6.28915
1996.18	-6.59956
1999.66	-7.2608
2006.6	-5.79744
2010.08	-6.11325
2013.55	-6.21509
2017.03	-6.10491
2020.5	-6.2674
2023.97	-6.24156
2027.45	-6.14353
2030.92	-6.19584
2034.39	-6.41053
2037.87	-6.3815
2041.34	-6.58723
2044.81	-6.32043
2048.29	-6.38994
2051.76	-6.34947
2055.23	-6.41877
2058.71	-6.20407
2062.18	-5.9013
2065.66	-5.65451
2069.13	-5.6991
2072.6	-5.69642
2076.08	-5.97805
2079.55	-6.33372
2083.02	-6.26833
2086.5	-6.13241
2089.97	-5.9694
2093.44	-5.76016
2096.92	-6.01986
2100.39	-5.95645
2103.87	-5.74214
2107.34	-5.90072
2110.81	-5.94119
2114.29	-5.37556
2117.76	-5.17734
2121.23	-5.49974
2124.71	-5.6298
2128.18	-5.93408
2131.65	-5.96302
2135.13	-5.40346
2138.6	-5.28404
2142.08	-5.85963
2145.55	-5.56657
2149.02	-5.3492
2152.5	-5.49319
2155.97	-5.55998
2159.44	-5.6056
2162.92	-5.74925
2166.39	-5.61095
2169.86	-5.2626
2173.34	-5.33705
2176.81	-5.79227
2180.28	-5.58624
2183.76	-5.77522
2187.23	-5.46436
2190.71	-5.564
2194.18	-5.20411
2197.65	-5.12894
2201.13	-5.17734
2204.6	-4.88418
2208.07	-4.83462
2211.55	-5.29685
2215.02	-5.37577
2218.49	-5.68278
2221.97	-6.07861
2225.44	-5.72369
2228.92	-5.66169
2232.39	-5.67833
2235.86	-5.78651
2239.34	-5.56741
2242.81	-5.68966
2246.28	-5.9268
2249.76	-5.68415
2253.23	-5.87565
2256.7	-6.09136
2260.18	-6.18235
2263.65	-5.58203
2267.13	-5.73541
2270.6	-5.63034
2274.07	-5.84255
2277.55	-5.7092
2281.02	-5.77469
2284.49	-5.34657
2287.97	-5.57646
2291.44	-5.53544
2294.91	-5.81592
2298.39	-5.65614
2301.86	-5.54737
2305.33	-5.60073
2308.81	-6.1222
2312.28	-6.07511
2315.76	-6.09331
2319.23	-6.37278
2322.7	-6.4219
2326.18	-6.14441
2329.65	-6.2974
2333.12	-5.89724
2336.6	-5.79093
2340.07	-5.97127
2343.54	-6.09177
2347.02	-6.38983
2350.49	-6.44689
2353.97	-6.42406
2357.44	-5.92901
2360.91	-5.84779
2364.39	-5.9724
2367.86	-6.11912
2371.33	-6.01179
2374.81	-6.0819
2378.28	-5.77613
2381.75	-6.03604
2385.23	-5.78528
2388.7	-5.91894
2392.17	-6.06959
2395.65	-6.25874
2399.12	-6.21139
2402.6	-6.16271
2406.07	-5.9357
2409.54	-5.68308
2413.02	-5.87092
2416.49	-5.70894
2419.96	-6.15541
2423.44	-6.97957
2426.91	-6.44927
2427.7	-6.60865
2428.49	-6.48179
2429.28	-6.45052
2430.08	-6.68415
2430.87	-6.73945
2431.66	-7.10405
2432.45	-6.88386
2433.24	-6.91233
2434.03	-6.4627
2434.83	-6.53507
2435.62	-6.61671
2436.41	-6.95117
2437.2	-7.04114
2437.99	-6.83469
2438.78	-6.58389
2439.58	-5.91511
2440.37	-6.06288
2441.16	-6.06141
2441.95	-6.34621
2442.74	-6.84838
2443.53	-7.15808
2444.32	-6.29977
2445.12	-6.24907
2445.91	-5.75537
2446.7	-6.2112
2447.49	-5.88986
2448.28	-5.59891
2449.07	-5.22389
2449.87	-5.01405
2450.66	-5.55761
2451.45	-6.03812
2452.24	-5.79085
2453.03	-5.64681
2453.82	-5.97103
2454.62	-5.78289
2455.41	-5.42778
2456.2	-5.36766
2456.99	-5.14945
2457.78	-5.45023
2458.57	-5.43194
2459.36	-5.60711
2460.16	-5.94349
2460.95	-5.51501
2461.74	-5.33124
2462.53	-5.18261
2463.32	-5.39132
2464.11	-5.87113
2464.91	-5.73145
2465.7	-6.0417
2466.49	-5.83136
2467.28	-5.84676
2468.07	-5.93546
2468.86	-5.58243
2469.66	-5.8099
2470.45	-5.51589
2471.24	-5.95956
2472.03	-5.77961
2472.82	-5.95762
2473.61	-6.98633
2474.4	-6.2381
2475.2	-6.32837
2475.99	-6.18188
2476.78	-6.06792
2477.57	-6.0217
2478.36	-5.72301
2479.15	-5.7969
2479.95	-7.08022
2480.74	-6.4134
2481.53	-6.19585
2482.32	-7.02645
2483.11	-7.22384
2483.9	-6.65946
2484.7	-6.00669
2485.49	-6.74096
2486.28	-6.79537
2487.07	-6.95746
2487.86	-7.18763
2488.65	-6.0582
2489.44	-5.84595
2490.24	-6.31953
2491.03	-6.05394
2491.82	-6.16134
2492.61	-7.12742
2493.4	-6.44691
2494.19	-6.58042
2494.99	-5.63515
2495.78	-5.83655
2496.57	-6.22952
2497.36	-6.27759
2498.15	-5.83456
2498.94	-6.02773
2507.91	-6.06807
2516.88	-5.93009
2525.85	-6.16321
2534.81	-5.00267
2543.78	-6.18386
2552.75	-6.2517
2561.72	-6.44553
2570.69	-6.49947
2579.66	-6.36642
2588.62	-6.32995
2597.59	-6.63642
2606.56	-6.37814
2615.53	-6.65964
2624.5	-6.65337
2633.47	-6.55176
2642.43	-6.57724
2651.4	-6.02204
2660.37	-6.4029
2669.34	-6.35307
2678.31	-6.15447
2687.28	-6.09653
2696.25	-5.54233
2705.21	-6.0242
2714.18	-5.7804
2723.15	-6.16688
2732.12	-6.36653
2741.09	-6.45181
2750.06	-6.87555
2759.02	-6.63366
2767.99	-6.68553
2776.96	-6.48745
2785.93	-6.87405
2803.87	-6.64669
2812.83	-6.70125
2821.8	-6.52423
2830.77	-6.47286
2839.74	-6.47286
2848.71	-6.22208
2857.68	-6.24745
2866.64	-6.19906
2875.61	-6.77481
2884.58	-6.5418
2893.55	-6.28362
2902.52	-5.8413
2911.49	-5.80167
2920.46	-6.25136
2929.42	-5.94622
2938.39	-6.36617
2947.36	-6.69215
2956.33	-6.87827
2965.3	-7.03088
2974.27	-6.79752
2983.23	-6.90876
2992.2	-6.98185
3001.17	-6.85483
3010.14	-7.11459
3019.11	-6.8537
3028.08	-6.89918
3037.04	-6.92321
3046.01	-7.04733
3054.98	-7.02458
3063.95	-6.86118
3080.61	-6.62016
3088.95	-6.21264
3097.28	-6.2942
3105.61	-6.45013
3113.94	-6.205
3122.27	-6.36663
3130.61	-6.42749
3138.94	-6.68209
3147.27	-6.20204
3155.6	-5.98731
3163.94	-6.02828
3172.27	-6.44468
3180.6	-6.096
3188.93	-6.06333
3197.26	-6.11863
3205.6	-6.45799
3213.93	-6.21078
3222.26	-6.37428
3230.59	-6.63875
3238.92	-6.77225
3247.26	-6.54522
3255.59	-6.63886
3263.92	-6.72948
3272.25	-6.59965
3280.59	-6.62096
3288.92	-6.50039
3297.25	-6.41494
3305.58	-6.83335
3313.91	-6.54837
3322.25	-6.61545
3330.58	-6.30655
3338.91	-6.55799
3347.24	-6.79652
3355.57	-6.69975
3363.91	-6.56155
3372.82	-6.54806
3381.73	-6.84976
3390.64	-6.85685
3399.54	-7.11132
3408.45	-6.83837
3417.36	-6.69939
3426.27	-6.57903
3435.18	-6.81806
3444.09	-6.573
3453	-6.43737
3461.9	-6.4861
3470.81	-6.39601
3479.72	-6.60775
3488.63	-6.4375
3497.54	-6.35614
3506.45	-6.59806
3515.36	-6.63142
3524.26	-6.2572
3533.17	-6.29702
3542.08	-6.18579
3550.99	-6.33856
3559.9	-6.52239
3568.81	-6.50875
3577.72	-6.2558
3586.63	-6.19004
3595.53	-6.68133
3604.44	-6.12286
3613.35	-6.11467
3622.26	-6.07538
3631.17	-6.35239
3640.08	-6.13483
3648.99	-6.31705
3657.89	-6.26695
3666.8	-6.34591
3675.71	-6.48376
3684.62	-6.50785
3693.53	-6.33112
3702.44	-6.09247
3711.35	-6.10012
3720.25	-6.09872
3729.16	-6.04555
3738.07	-5.83031
3746.98	-5.56334
3755.89	-5.48969
3764.8	-5.77796
3773.71	-5.81451
3782.61	-5.72081
3791.52	-5.44482
3800.43	-5.60934
3809.34	-5.77807
3818.25	-5.98637
3827.16	-5.9138
3836.07	-5.91215
3844.97	-6.078
3853.88	-5.887
3862.79	-6.35892
3871.7	-6.63575
3880.61	-6.29349
3889.52	-5.89311
3898.43	-6.34212
3907.34	-6.36257
3916.24	-6.55004
3925.15	-6.33814
3934.06	-6.04212
3942.97	-6.37649
3951.88	-5.58401
3960.79	-6.26698
3969.7	-6.15623
3978.6	-6.17919
3987.51	-6.56513
3996.42	-6.59597
4005.33	-7.14794
4014.24	-7.07169
4023.15	-6.44418
4032.06	-6.62062
4040.96	-6.81682
4049.87	-6.53529
4058.78	-6.23112
4067.69	-6.03218
4076.6	-6.24135
4085.51	-6.05036
4094.42	-5.87765
4103.32	-6.28345
4112.23	-5.99744
4121.14	-5.96225
4130.05	-5.92353
4138.96	-5.88304
4147.87	-6.00826
4156.78	-6.03218
4174.59	-5.99913
4183.5	-6.35913
4192.41	-6.11479
4201.32	-6.05761
4210.23	-6.0204
4219.14	-6.26485
4228.05	-6.04739
4236.95	-5.82439
4245.86	-6.27768
4254.77	-6.20704
4263.68	-6.23818
4272.59	-6.15082
4281.5	-6.25116
4290.41	-5.88717
4299.31	-6.07803
4308.22	-5.55114
4317.13	-5.67933
4326.04	-5.69515
4334.95	-6.21209
4343.86	-5.43349
4352.77	-5.47687
4361.67	-5.64494
4370.58	-5.69746
4379.49	-5.59222
4388.4	-5.57439
4397.31	-5.6545
4406.22	-5.47041
4415.13	-5.47519
4424.03	-5.71158
4432.94	-6.03622
4441.85	-5.75771
4450.76	-5.7113
4459.67	-5.51384
4468.58	-5.32799
4477.49	-5.20673
4486.39	-4.9462
4495.3	-5.53182
4504.21	-5.12819
4513.12	-5.67971
4522.03	-5.3111
4530.94	-5.18771
4539.85	-5.57997
4548.76	-5.69714
4557.66	-5.46482
4566.57	-5.43234
4575.48	-5.71463
4584.39	-5.8104
4593.3	-5.76475
4602.21	-6.25182
4611.12	-5.88544
4620.02	-5.77612
4628.93	-5.94996
4637.84	-5.73306
4646.75	-5.74766
4655.66	-5.83517
4664.57	-5.72111
4673.48	-5.86568
4682.38	-5.90333
4691.29	-5.71551
4700.2	-5.66048
4709.11	-5.6725
4718.02	-5.58732
4726.93	-5.55061
4735.84	-5.49918
4744.74	-5.42192
4753.65	-5.5793
4762.56	-5.45856
4771.47	-5.86599
4780.38	-5.41733
4782.59	-5.34785
4784.8	-5.66465
4787.01	-5.81703
4789.21	-5.73652
4791.42	-5.69562
4793.63	-5.9815
4795.84	-5.54814
4798.05	-5.51612
4800.26	-5.88011
4802.47	-5.40214
4804.68	-5.37545
4806.88	-5.15588
4809.09	-5.23159
4811.3	-5.71506
4813.51	-5.31735
4815.72	-5.50234
4817.93	-5.422
4820.14	-5.47527
4822.35	-5.37592
4824.55	-5.20484
4826.76	-5.0352
4828.97	-5.27652
4831.18	-5.05889
4833.39	-5.45021
4835.6	-4.97744
4837.81	-5.79722
4840.01	-4.80159
4842.22	-4.96472
4844.43	-5.13047
4846.64	-5.02247
4848.85	-4.95925
4851.06	-5.00042
4853.27	-5.03983
4855.48	-4.97741
4857.68	-5.01528
4859.89	-4.80118
4862.1	-4.84855
4864.31	-5.01012
4866.52	-4.7205
4868.73	-4.63744
4870.94	-4.86082
4873.15	-5.2547
4875.35	-5.06672
4877.56	-4.78374
4879.77	-5.17024
4881.98	-5.22412
4884.19	-5.2433
4886.4	-5.42807
4888.61	-5.29014
4890.81	-5.71988
4893.02	-5.62496
4895.23	-5.35427
4897.44	-5.15602
4899.65	-5.11557
4901.86	-5.50176
4904.07	-5.47875
4906.28	-5.24402
4908.48	-4.92231
4910.69	-5.13981
4912.9	-5.45987
4915.11	-5.95348
4917.32	-6.0419
4919.53	-6.37187
4921.74	-5.97962
4923.95	-5.54314
4926.15	-5.90467
4928.36	-6.36867
4930.57	-6.1752
4932.78	-6.12527
4934.99	-6.06594
4937.2	-5.61987
4939.41	-5.6392
4941.61	-5.50626
4943.82	-5.77097
4946.03	-5.4509
4948.24	-5.28447
4950.45	-6.17067
4952.66	-6.12867
4954.87	-6.14983
4957.08	-6.11276
4959.28	-6.13186
4961.49	-6.25414
4963.7	-6.20905
4965.91	-6.29665
4968.12	-5.617
4970.33	-6.0255
4972.54	-6.71638
4974.75	-5.90323
4976.95	-5.89487
4979.16	-5.4064
4981.37	-5.09798
4983.58	-5.15049
4985.79	-5.0004
4988	-4.9547
4990.21	-5.04
4992.42	-5.80249
4994.62	-6.00293
4996.83	-6.02568
4999.04	-6.21857
5001.25	-6.65069
5003.46	-6.30741
5005.67	-6.51832
5007.88	-6.7151
5010.08	-6.30556
5012.29	-6.30087
5014.5	-5.75812
5016.71	-5.84884
5018.92	-5.4772
5021.13	-5.4652
5023.34	-5.28412
5025.55	-4.94915
5027.75	-5.66378
5029.96	-5.92046
5032.17	-6.18123
5034.38	-5.80783
5036.59	-6.0426
5038.8	-5.23365
5041.01	-5.23344
5043.22	-5.45532
5045.42	-5.03394
5049.84	-5.38544
5052.05	-5.0399
5054.26	-5.45006
5056.47	-5.13583
5058.68	-4.78497
5060.88	-5.0162
5063.09	-5.2847
5065.3	-5.20651
5067.51	-5.23161
5069.72	-5.52647
5071.93	-4.86879
5074.14	-5.01401
5076.35	-4.84404
5078.55	-5.25223
5080.76	-4.90596
5082.97	-4.80334
5085.18	-4.70458
5087.39	-4.76221
5089.6	-4.77491
5091.81	-4.73517
5094.02	-5.01067
5096.22	-4.8619
5098.43	-4.90043
5100.64	-4.78601
5102.85	-5.05743
5105.06	-5.47098
5107.27	-5.1302
5109.48	-5.24774
5111.68	-6.00856
5113.89	-5.40482
5116.1	-5.26347
5118.31	-5.38984
5120.52	-5.29135
5122.73	-5.66523
5124.94	-5.60519
5127.15	-5.3692
5129.35	-5.19593
5131.56	-5.23321
5145.93	-5.00925
5160.3	-5.15429
5174.68	-5.61233
5189.05	-5.86009
5203.42	-6.29934
5217.79	-6.07585
5232.16	-5.73528
5246.54	-5.31265
5260.91	-5.61842
5275.28	-5.49083
5289.65	-5.34217
5304.03	-6.13975
5318.4	-6.04498
5332.77	-6.04126
5347.14	-5.6625
5361.51	-6.22811
5375.89	-6.27645
5390.26	-6.25458
5404.63	-5.77026
5419	-5.76911
5433.37	-6.05277
5447.75	-5.92643
5462.12	-6.18738
5476.49	-5.92643
5490.86	-6.18738
5505.24	-6.15671
5519.61	-5.61597
5533.98	-5.63806
5548.35	-6.20957
5562.72	-5.98044
5577.1	-5.5292
5591.47	-6.14069
5605.84	-5.90351
5620.21	-6.11484
5634.58	-6.03665
5648.96	-5.97688
5663.33	-5.46799
5677.7	-5.64154
5692.07	-5.3212
5706.44	-5.43072
5720.82	-5.60198
5735.19	-5.61352
5749.56	-5.73295
6008.26	-5.57252
6022.63	-5.8735
6031.07	-5.70744
6039.51	-5.31724
6047.95	-5.47195
6056.39	-5.42135
6064.83	-5.54139
6073.27	-5.76168
6081.72	-5.92506
6090.16	-5.50235
6098.6	-5.24811
6107.04	-5.35191
6115.48	-5.62582
6123.92	-5.64675
6132.36	-5.53556
6140.8	-5.62041
6149.24	-6.25349
6157.68	-5.77865
6166.12	-5.59553
6174.56	-5.49683
6183	-5.84101
6191.45	-6.0813
6199.89	-5.97969
6208.33	-6.23132
6216.77	-6.21383
6225.21	-6.06089
6233.65	-5.76762
6242.09	-5.75148
6250.53	-5.67152
6258.97	-5.5898
6267.41	-5.80791
6275.85	-5.76751
6284.29	-5.81218
6292.73	-5.43811
6301.18	-5.21834
6309.62	-5.01439
6318.06	-5.33921
6326.5	-5.70671
6334.94	-5.61281
6343.38	-5.34087
6351.82	-5.03698
6360.26	-4.79545
6368.7	-5.0477
6377.14	-5.00294
6385.58	-5.14588
6394.02	-5.37179
6402.46	-5.32161
6410.91	-5.55107
6419.35	-5.28996
6427.79	-4.25408
6436.23	-4.14529
6444.67	-4.81981
6453.11	-5.27372
6461.55	-5.23562
6469.99	-5.37638
6478.43	-5.28892
6486.87	-5.44228
6490.84	-5.23562
6494.8	-5.37638
6498.77	-5.28892
6502.73	-5.44228
6506.7	-5.56043
6510.66	-5.65123
6514.63	-5.35619
6518.59	-5.6086
6522.56	-5.61229
6526.53	-5.98778
6530.49	-6.20494
6534.46	-5.94463
6538.42	-5.74402
6542.39	-5.90026
6546.35	-5.54643
6550.32	-6.05112
6554.29	-5.68105
6558.25	-5.96298
6562.22	-5.72341
6566.18	-5.54188
6570.15	-5.10101
6574.11	-5.0951
6578.08	-5.25853
6582.04	-5.68454
6586.01	-5.20095
6589.98	-5.4807
6593.94	-5.48542
6597.91	-5.4558
6601.87	-5.29777
6605.84	-5.35485
6609.8	-5.22815
6613.77	-5.44186
6617.74	-5.39995
6621.7	-5.14159
6625.67	-5.24694
6629.63	-5.158
6657.39	-5.09619
6661.36	-4.89873
6665.32	-4.70022
6669.29	-4.86938
6673.25	-5.32052
6677.22	-4.97656
6685.15	-5.1419
6689.12	-5.02633
6693.08	-5.22885
6697.05	-5.20411
6701.01	-5.20188
6704.98	-5.21871
6708.94	-4.81681
6712.91	-4.96123
6716.88	-5.24001
6720.84	-5.05666
6724.81	-5.09073
6728.77	-5.04185
6732.74	-5.2032
6736.7	-5.26009
6740.67	-5.41571
6744.64	-5.59983
6748.6	-5.98864
6752.57	-5.67994
6756.53	-6.19806
6760.5	-5.61706
6764.46	-6.11398
6768.43	-6.07717
6772.39	-5.48772
6776.36	-5.71107
6780.33	-5.36607
6784.29	-6.12159
6788.26	-5.29396
6792.22	-5.35491
6796.19	-5.26033
6800.15	-5.46687
6804.12	-5.47721
6808.09	-5.51014
6812.05	-5.60783
6816.02	-5.59272
6819.98	-5.5051
6823.95	-5.38949
6827.91	-5.6201
6831.88	-5.50622
6835.84	-5.73809
6839.81	-5.43685
6843.78	-5.59455
6847.74	-5.41048
6851.71	-5.32307
6855.67	-5.31881
6859.64	-5.37022
6863.6	-5.03627
6867.57	-4.90717
6871.54	-4.72747
6875.5	-5.05737
6879.47	-5.75194
6883.43	-5.90101
6887.4	-5.37621
6891.36	-5.50176
6895.33	-5.6629
6899.29	-5.36201
6903.26	-5.27814
6907.23	-5.09032
6911.19	-5.25954
6915.16	-5.30529
6919.12	-5.32651
6923.09	-5.42559
6927.05	-5.2325
6931.02	-5.42762
6934.99	-5.59536
6938.95	-5.49676
6946.88	-5.23652
6950.85	-5.47428
6954.81	-5.46424
6958.78	-5.45777
6966.71	-5.47173
6970.68	-5.42917
6974.64	-5.5875
6978.61	-5.30011
6982.57	-5.75197
6986.54	-5.75367
6990.5	-5.45666
6994.47	-4.81863
6998.44	-5.18366
7002.4	-4.72091
7006.37	-4.52886
7010.33	-4.73266
7014.3	-5.42474
7022.23	-5.31365
7026.19	-5.10373
7030.16	-5.39026
7034.13	-5.17779
7038.09	-5.17889
7042.06	-5.00081
7046.02	-4.71342
7049.99	-5.16119
7053.95	-5.14561
7057.92	-4.96352
7061.89	-5.04371
7065.85	-4.65213
7069.82	-4.82383
7073.78	-5.3311
7077.75	-5.37809
7081.71	-5.81701
7085.68	-5.16357
7089.64	-5.61134
7093.61	-5.57337
7097.58	-5.18238
7101.54	-5.53736
7105.51	-5.01
7109.47	-5.55039
7113.44	-5.41384
7117.4	-5.28105
7121.37	-5.12543
7125.34	-5.61449
7129.3	-5.27866
7133.27	-5.1594
7137.23	-5.24776
7141.2	-4.93407
7145.16	-5.26266
7149.13	-5.13131
7153.09	-5.06133
7157.06	-5.32616
7161.03	-4.59152
7164.99	-4.70252
7168.96	-4.6048
7172.92	-5.2487
7176.89	-5.24291
7180.85	-5.24801
7184.82	-4.9665
7188.79	-5.14966
7196.72	-5.05762
7204.65	-5.47637
7208.61	-5.12767
7212.58	-5.2195
7216.14	-4.95
7222.41	-5.23
7228.69	-5.44
7234.96	-5.61
7241.23	-5.2
7247.5	-5.23
7253.78	-5.62
7260.05	-5.74
7266.32	-5.4
7278.87	-5.38
7285.14	-4.98
7291.41	-5.08
7297.69	-5.01
7303.96	-4.81
7310.23	-5.25
7316.51	-5.4
7320.75	-5.38
7324.99	-5.23
7329.22	-5.15
7333.46	-5
7337.7	-4.97
7341.94	-5.02
7346.18	-5.57
7350.41	-5.29
7358.89	-5.54
7363.13	-5.6
7367.37	-5.45
7371.6	-5.37
7375.84	-5.24
7380.08	-4.98
7384.32	-5.37
7388.56	-5.32
7392.79	-5.28
7397.03	-5.85
7401.27	-5.51
7405.51	-5.44
7413.98	-5.43
7418.22	-5.52
7422.46	-5.77
7426.7	-5.95
7430.93	-5.58
7435.17	-5.69
7439.41	-6.1
7443.65	-5.35
7447.89	-6.03
7452.12	-5.38
7456.36	-5.47
7460.6	-5.49
7464.84	-5.52
7469.08	-5.67
7473.31	-5.53
7477.55	-5.59
7481.79	-5.42
7486.03	-5.44
7490.27	-5.51
7494.5	-4.74
7498.74	-5.24
7502.98	-5.6
7507.22	-5.47
7511.46	-5.43496
7515.27	-5.64386
7519.08	-5.55001
7522.89	-5.19927
7526.7	-5.8579
7530.52	-5.62877
7534.33	-5.57687
7538.14	-5.29684
7541.95	-5.39074
7545.76	-5.48805
7549.57	-5.49781
7553.38	-5.57787
7557.19	-5.29895
7561	-5.38149
7564.81	-5.49932
7568.63	-5.34452
7572.44	-4.96325
7576.25	-5.67202
7580.06	-5.57536
7583.87	-5.62605
7587.68	-5.59668
7591.49	-5.25299
7595.3	-5.27431
7599.11	-5.41221
7602.92	-5.43987
7606.74	-4.86111
7610.55	-5.52547
7614.36	-5.34338
7618.17	-5.41714
7621.98	-5.57808
7625.79	-5.6854
7629.6	-5.37009
7633.41	-5.42507
7637.22	-5.27356
7641.03	-5.41684
7644.85	-5.13823
7648.66	-5.23086
7652.47	-5.10483
7656.28	-5.59618
7660.09	-5.26667
7663.9	-5.34824
7667.71	-5.28065
7671.52	-5.18932
7675.33	-5.24725
7679.14	-5.35749
7682.96	-5.40451
7686.77	-5.49884
7690.58	-5.41432
7694.39	-5.47235
7698.2	-5.28125
7702.01	-5.58813
7705.82	-5.36363
7709.63	-5.57506
7713.44	-5.86655
7717.25	-5.79141
7721.07	-5.43122
7724.88	-5.43072
7728.69	-5.64517
7732.5	-5.5138
7736.31	-5.74645
7740.12	-5.35689
7743.93	-5.54595
7747.74	-5.30306
7751.55	-5.44735
7755.36	-5.46595
7759.18	-5.3199
7762.99	-5.39401
7766.8	-5.1138
7770.61	-5.38595
7774.42	-5.25654
7778.23	-5.70545
7782.04	-5.65562
7785.85	-5.64528
7789.66	-5.54637
7793.47	-5.61303
7797.29	-5.44921
7801.1	-5.22781
7804.91	-5.14843
7808.72	-4.97182
7812.53	-5.10986
7816.34	-4.89706
7820.15	-5.138
7823.96	-5.02119
7827.77	-5.28063
7831.58	-5.33582
7839.21	-5.63597
7843.02	-5.06491
7846.83	-5.03521
7850.64	-5.26543
7854.45	-5.12145
7858.26	-5.04538
7862.07	-5.08693
7865.88	-4.95142
7869.69	-4.97251
7873.51	-4.75442
7877.32	-5.04538
7881.13	-4.93416
7884.94	-5.07049
7888.75	-5.13913
7892.56	-5.19232
7896.37	-5.25086
7900.18	-5.26812
7903.99	-5.50585
7907.8	-5.48094
7911.62	-5.1876
7915.43	-5.59484
7919.24	-5.08879
7923.05	-4.97602
7926.86	-5.61965
7930.67	-5.23908
7934.48	-5.27029
7938.29	-5.48962
7942.1	-5.39339
7945.91	-5.45696
7949.73	-5.30233
7953.54	-5.06128
7957.35	-5.30264
7961.16	-5.49407
7964.97	-5.3474
7968.78	-5.59612
7972.59	-5.56765
7976.4	-5.20008
7980.21	-5.09295
7984.02	-5.93519
7987.84	-5.23796
7991.65	-5.18451
7995.46	-5.36974
7999.27	-5.57016
8003.08	-5.86732
8006.89	-5.15603
8010.7	-5.37418
8014.51	-6.0994
8018.32	-5.23694
8022.13	-5.33681
8025.95	-6.11203
8029.76	-5.87613
8033.57	-5.53406
8037.38	-5.50067
8041.19	-5.31557
8045	-4.62313
8048.81	-4.59665
8052.62	-4.69998
8056.43	-4.64803
8060.24	-4.88782
8064.06	-5.00692
8067.87	-4.6724
8071.68	-5.02137
8075.49	-4.91905
8079.3	-4.58856
8083.11	-4.66387
8086.92	-4.70745
8090.73	-4.90523
8094.54	-4.811
8098.35	-5.14508
8102.17	-5.0863
8105.98	-5.52351
8109.79	-5.28599
8113.6	-5.56519
8117.41	-5.72978
8121.22	-5.35608
8125.03	-5.37327
8128.84	-5.64877
8132.65	-5.24217
8136.46	-5.2558
8140.28	-5.16843
8144.09	-5.17265
8150.59	-4.99034
8157.09	-5.02393
8163.59	-4.76277
8170.09	-4.83991
8176.59	-4.99412
8183.08	-4.99033
8189.58	-4.87952
8196.08	-4.30579
8202.58	-5.18615
8209.08	-4.81705
8215.58	-4.90973
8222.08	-5.11569
8228.58	-5.07677
8235.08	-5.21682
8241.58	-5.2993
8248.07	-5.30287
8254.57	-5.1737
8261.07	-5.1898
8267.57	-5.12272
8274.07	-5.18664
8280.57	-4.96797
8287.07	-5.04514
8293.57	-5.0221
8300.07	-5.09091
8306.57	-5.45406
8313.06	-5.50105
8319.56	-5.09326
8326.06	-5.03413
8332.56	-5.18645
8339.06	-5.2679
8345.56	-5.1426
8352.06	-5.25782
8358.56	-5.37566
8365.06	-5.494
8371.56	-5.87785
8378.06	-5.42633
8384.55	-5.16414
8391.05	-5.26555
8398.89	-5.39222
8406.73	-4.93363
8414.57	-5.2887
8422.41	-5.34048
8430.25	-5.33465
8438.09	-5.08143
8445.93	-4.85048
8453.77	-4.53872
8461.61	-4.78883
8469.45	-4.92256
8477.29	-4.82893
8485.12	-4.82893
8492.96	-5.10908
8500.8	-4.70487
8508.64	-4.48878
8516.48	-4.52474
8524.32	-4.65314
8532.16	-4.82999
8540	-5.24459
8547.84	-5.14837
8555.68	-5.12207
8563.52	-5.35949
8571.36	-5.2562
8579.2	-5.23401
8587.04	-5.1736
8594.88	-4.97385
8602.72	-4.94097
8610.56	-5.00026
8618.4	-5.16821
8626.24	-4.96721
8634.08	-5.39528
8641.92	-5.1229
8649.76	-4.80403
8657.59	-5.0823
8665.43	-4.76603
8673.27	-4.99421
8681.11	-4.59886
8688.95	-4.78438
8696.79	-4.787
8704.63	-4.63876
8712.47	-4.67493
8720.31	-5.01415
8728.15	-4.84233
8735.99	-4.92198
8743.83	-5.00633
8751.67	-5.15715
8758.78	-4.56847
8763.74	-4.83485
8768.69	-5.04627
8773.65	-4.91574
8778.61	-4.62313
8783.57	-4.50441
8788.53	-4.0218
8793.48	-4.17396
8798.44	-4.70757
8803.4	-5.03279
8808.36	-5.22382
8813.32	-5.20971
8818.27	-5.30324
8823.23	-5.58802
8828.19	-5.61697
8833.15	-5.57339
8838.1	-5.53242
8843.06	-5.49627
8848.02	-5.13813
8852.98	-4.51496
8857.94	-4.41077
8862.89	-4.59198
8867.85	-4.78689
8872.81	-4.43502
8877.77	-3.99934
8882.73	-4.37148
8887.68	-4.09276
8892.64	-4.06988
8897.6	-4.06068
8902.56	-4.22935
8907.51	-4.59334
8912.47	-4.78699
8917.43	-4.84614
8922.39	-4.46459
8927.35	-4.42718
8932.3	-4.49281
8937.26	-4.44233
8942.22	-4.65469
8947.18	-4.57955
8952.14	-5.03927
8957.09	-4.5854
8962.05	-5.10155
8967.01	-4.72491
8971.97	-5.13969
8976.92	-5.05661
8981.88	-4.90038
8986.84	-4.467
8991.8	-4.19863
8996.76	-4.65375
9001.71	-3.92879
9006.67	-4.40185
9011.63	-4.85513
9016.59	-5.16373
9021.55	-5.25883
9026.5	-5.40232
9031.46	-4.99077
9036.42	-4.29571
9044.66	-3.94832
9052.89	-5.03548
9061.13	-4.78462
9069.36	-4.97923
9077.6	-3.89175
9085.83	-3.90426
9094.07	-5.10446
9102.3	-5.06566
9110.54	-5.59831
9118.77	-4.59221
9127.01	-5.37677
9135.24	-5.28351
9143.48	-4.6964
9151.71	-4.50315
9159.95	-5.48328
9168.19	-5.18678
9176.42	-4.27489
9184.66	-4.48265
9192.89	-4.19204
9201.13	-4.33198
9209.36	-4.97471
9217.6	-4.78136
9225.83	-4.78041
9234.07	-5.05725
9242.3	-3.89711
9250.54	-4.3979
9258.77	-4.19593
9267.01	-4.36657
9275.24	-4.59589
9283.48	-4.53816
9291.72	-3.65676
9299.95	-3.84707
9308.19	-4.15408
9316.42	-4.39159
9324.66	-4.10025
9332.89	-4.32199
9341.13	-3.92413
9349.36	-4.5573
9357.6	-4.55299
9365.83	-4.42366
9374.07	-3.94842
9382.3	-4.43144
9390.54	-4.29329
9398.77	-4.10603
9407.01	-5.41725
9415.25	-5.21128
9423.48	-6.095
9431.72	-5.5982
9439.95	-4.79007
9448.19	-4.90605
9456.42	-4.48139
9464.66	-4.45142
9472.89	-4.72447
9481.13	-4.88965
9489.36	-4.76895
9497.6	-4.74256
9505.83	-4.38329
9514.07	-4.92561
9522.3	-4.55794
9530.54	-4.85327
9538.78	-4.42903
9543.88	-4.49642
9548.97	-4.17067
9554.07	-4.46604
9559.16	-4.63069
9564.26	-4.07978
9569.35	-4.38245
9574.45	-4.42625
9579.55	-4.38245
9584.64	-4.42739
9589.74	-4.10038
9594.83	-4.7282
9599.93	-4.8361
9605.02	-4.93783
9610.12	-4.34756
9615.21	-4.90672
9620.31	-5.28426
9625.41	-5.09445
9630.5	-5.05583
9635.6	-4.96502
9640.69	-5.03295
9645.79	-5.29006
9650.88	-5.40458
9655.98	-4.21776
9661.08	-4.11936
9666.17	-4.29676
9671.27	-4.30641
9676.36	-4.41509
9681.46	-4.53541
9686.55	-4.40648
9691.65	-4.3684
9696.74	-4.4497
9701.84	-4.3811
9706.94	-4.21671
9712.03	-3.94523
9717.13	-3.93106
9722.22	-3.86917
9727.32	-3.95561
9732.41	-4.09982
9737.51	-3.97444
9742.61	-4.1854
9747.7	-3.9192
9752.8	-3.73102
9757.89	-3.39573
9762.99	-3.47333
9768.08	-3.93548
9773.18	-3.98819
9778.27	-4.20861
9783.37	-4.14959
9788.47	-4.10507
9793.56	-3.66266
9798.66	-3.7158
9803.75	-4.01329
9808.85	-4.07566
9813.94	-4.19474
9819.04	-3.98462
9824.14	-4.22751
9829.23	-4.15778
9834.33	-3.74835
9839.42	-3.80338
9844.52	-4.15558
9849.61	-4.17028
9854.71	-4.24053
9859.8	-3.82144
9864.9	-3.77219
9870	-3.59168
9875.09	-3.75381
9880.19	-4.01497
9885.28	-4.25302
9890.38	-4.24714
9900.57	-4.65605
9905.67	-4.22845
9910.76	-4.29125
9915.86	-4.17374
9920.95	-4.5733
9926.05	-4.43206
9931.14	-4.27424
9936.24	-4.41295
9941.34	-4.17332
9946.43	-4.14161
9951.53	-3.89704
9956.62	-4.12533
9961.72	-3.62843
9966.81	-3.64786
9971.91	-4.16072
9977	-4.33294
9982.1	-4.41169
9987.2	-3.75098
9992.29	-3.7158
9997.39	-4.21848
10002.48	-4.44183
10007.58	-4.45401
10012.67	-4.42587
10017.77	-4.49738
10022.87	-4.84328
10027.96	-4.58496
10033.06	-4.56511
10038.15	-4.61373
10043.25	-4.47606
10048.34	-5.08364
10053.44	-4.69889
10058.53	-4.54106
10063.63	-4.51666
10068.73	-4.26244
10073.82	-4.20527
10078.92	-4.58074
10084.01	-4.96113
10089.11	-4.67372
10094.2	-4.94082
10099.3	-5.09327
10101.79	-4.45551
10104.28	-3.34156
10106.76	-3.66332
10109.25	-3.65714
10111.74	-3.77253
10114.23	-3.59987
10116.72	-3.49181
10119.2	-3.31999
10121.69	-3.88938
10124.18	-4.13365
10126.67	-3.93095
10129.16	-4.10329
10131.64	-4.43908
10134.13	-4.5063
10136.62	-4.88533
10139.11	-4.29155
10141.59	-3.99251
10144.08	-4.10622
10146.57	-4.06748
10149.06	-4.13166
10151.55	-4.19532
10154.03	-4.48902
10156.52	-4.37364
10159.01	-4.15198
10161.5	-4.18506
10163.99	-4.58074
10166.47	-4.63508
10168.96	-4.53174
10171.45	-4.63016
10173.94	-4.86302
10176.43	-5.10479
10178.91	-4.84365
10181.4	-4.87622
10183.89	-4.91244
10186.38	-4.61163
10188.87	-4.45855
10191.35	-4.51289
10193.84	-4.61006
10196.33	-4.54671
10198.82	-4.67456
10201.31	-4.3262
10203.79	-4.38421
10206.28	-4.67518
10208.77	-4.79622
10211.26	-4.4241
10213.74	-4.57142
10216.23	-4.57446
10218.72	-4.45855
10221.21	-4.50179
10223.7	-4.58859
10226.18	-4.6332
10228.67	-4.85266
10231.16	-4.75748
10233.65	-4.61362
10236.14	-4.59718
10238.62	-4.79945
10241.11	-4.62905
10243.6	-4.46777
10246.09	-4.33728
10248.58	-4.17549
10251.06	-4.25623
10253.55	-4.30404
10256.04	-4.53579
10258.53	-4.66496
10261.02	-4.5716
10263.5	-4.55046
10265.99	-4.57416
10268.48	-4.69645
10270.97	-4.75585
10273.46	-4.70271
10275.94	-4.60925
10278.43	-4.53035
10280.92	-4.26885
10283.41	-4.35595
10285.89	-4.00672
10288.38	-3.9819
10290.87	-4.01955
10293.36	-4.15261
10295.85	-4.13117
10298.33	-3.88136
10300.82	-3.80431
10303.31	-3.8239
10305.8	-4.20052
10308.29	-4.05125
10310.77	-4.09372
10313.26	-4.42284
10315.75	-4.37606
10318.24	-4.10347
10320.73	-4.22012
10323.21	-4.02929
10325.7	-4.19529
10328.19	-4.63449
10330.68	-4.77247
10333.17	-4.82408
10335.65	-4.98894
10338.14	-4.82592
10340.63	-4.36036
10343.12	-4.58524
10345.61	-4.55405
10348.09	-4.62453
10350.58	-4.23355
10353.07	-4.2749
10355.56	-4.50491
10358.05	-4.42161
10360.53	-4.69204
10363.02	-4.8091
10365.51	-4.83167
10368	-4.62905
10370.48	-4.67716
10372.97	-4.36426
10375.46	-4.42971
10377.95	-4.50717
10380.44	-4.552
10382.92	-4.48573
10385.41	-4.37595
10387.9	-3.94312
10390.39	-4.3897
10392.88	-4.3582
10395.36	-4.35626
10397.85	-4.11854
10400.34	-3.72362
10402.83	-3.70957
10405.32	-3.95155
10407.8	-3.99951
10410.29	-3.71105
10412.78	-3.65306
10415.27	-3.94648
10417.76	-4.02074
10420.24	-4.00098
10422.73	-3.97437
10425.22	-4.1685
10427.71	-3.83949
10430.2	-3.84952
10432.68	-4.12499
10435.17	-4.27614
10437.66	-3.88564
10440.15	-3.943
10442.63	-3.94342
10445.12	-4.40056
10447.61	-4.73919
10450.1	-4.47439
10452.59	-3.97479
10455.07	-3.97405
10457.56	-3.7196
10460.05	-3.804
10462.54	-3.76766
10465.03	-3.73566
10467.51	-3.90223
10470	-3.98673
10472.49	-4.31173
10474.98	-4.37046
10477.47	-4.29103
10479.95	-4.10777
10482.44	-4.00616
10484.93	-4.14632
10487.42	-4.57727
10489.91	-4.39792
10492.39	-4.44123
10494.88	-4.17347
10497.37	-3.96655
10499.86	-4.77753
10502.35	-4.63895
10504.83	-4.80985
10507.32	-4.93723
10509.81	-4.57178
10512.3	-4.66874
10514.78	-4.70687
10517.27	-4.28004
10519.76	-4.30803
10522.25	-4.31722
10524.74	-4.26494
10527.22	-4.32937
10529.71	-4.30296
10532.2	-4.114
10534.69	-4.15087
10537.18	-4.01292
10539.66	-4.22607
10542.15	-4.44175
10544.64	-4.73655
10547.13	-4.23156
10549.62	-4.36148
10552.1	-4.1647
10554.59	-4.02517
10557.08	-3.9557
10559.57	-4.10877
10562.06	-4.1548
10564.54	-4.33607
10567.03	-3.7728
10569.52	-3.92788
10572.01	-3.50014
10574.5	-3.73325
10576.98	-4.07036
10579.47	-4.33379
10581.96	-3.89626
10584.45	-3.88115
10586.93	-4.04993
10589.42	-3.83225
10591.91	-4.42366
10594.4	-4.85412
10596.89	-4.26695
10599.37	-4.56755
10601.86	-4.68187
